0 0 0 2 6 3 7 0 4 5 1
0 1 6 0 6 3 7 2 4 5 1
0 4 5 1 6 3 7 2 4 5 0
0 5 5 1 6 3 0 2 4 5 7
0 5 5 1 6 3 7 2 4 0 5
0 6 5 1 6 3 7 0 4 5 2
0 8 5 1 6 3 5 2 4 0 7
0 9 4 1 6 3 5 2 4 7 0
0 10 4 1 6 3 0 2 4 7 5
0 11 4 1 6 3 5 0 4 7 2
0 14 3 1 6 3 0 5 4 7 2
0 15 3 1 6 3 2 5 4 7 0
0 13 4 1 6 3 2 0 4 7 5
0 12 4 1 6 3 5 4 0 7 2
0 13 3 1 0 3 5 4 6 7 2
0 14 4 1 0 3 5 6 4 7 2
0 15 4 1 6 0 3 5 4 7 2
0 16 4 0 6 3 1 5 4 7 2
0 17 4 1 6 3 7 5 4 0 2
0 16 4 1 6 3 2 5 4 0 7
0 17 4 1 6 3 2 0 4 7 5
0 18 4 1 6 0 2 5 4 7 3
0 18 4 0 6 3 2 5 4 7 1
0 14 4 1 6 3 2 4 0 7 5
0 15 3 1 0 3 2 4 6 7 5
0 16 4 1 0 3 2 6 4 7 5
0 14 4 0 1 3 5 4 6 7 2
0 14 4 1 3 0 5 4 6 7 2
0 15 4 1 4 3 5 6 0 7 2
0 16 3 1 4 3 5 0 6 7 2
0 19 2 1 4 3 0 5 6 7 2
0 20 2 1 4 3 2 5 6 7 0
0 18 3 1 4 3 5 2 6 7 0
0 20 3 1 4 0 3 5 6 7 2
0 21 3 0 4 3 1 5 6 7 2
0 22 3 1 4 3 7 5 6 0 2
0 21 3 1 4 3 2 5 6 0 7
0 22 3 1 4 3 2 0 6 7 5
0 23 3 1 4 0 2 5 6 7 3
0 23 3 0 4 3 2 5 6 7 1
0 19 3 1 4 3 0 2 6 7 5
0 21 3 1 0 4 3 5 6 7 2
0 22 3 4 0 3 1 5 6 7 2
0 24 3 2 4 3 1 5 6 7 0
0 23 3 1 4 3 7 5 6 2 0
0 25 3 1 4 3 0 2 6 7 5
0 24 3 1 0 4 2 5 6 7 3
0 24 3 1 4 2 0 5 6 7 3
0 24 3 4 0 3 2 5 6 7 1
0 25 3 2 4 3 0 5 6 7 1
0 25 3 2 4 3 0 5 6 7 1
0 24 3 1 4 3 0 5 6 2 7
0 25 3 1 4 2 3 5 6 7 0
0 16 4 1 0 6 3 5 4 7 2
0 17 4 6 0 3 1 5 4 7 2
0 19 4 4 6 3 1 5 0 7 2
0 19 4 2 6 3 1 5 4 7 0
0 18 4 1 6 3 7 5 0 4 2
0 19 3 1 0 3 7 5 6 4 2
0 18 4 1 6 3 7 5 4 2 0
0 17 4 1 6 3 2 5 0 4 7
0 18 3 1 0 3 2 5 6 4 7
0 18 4 1 6 3 2 4 0 7 5
0 20 4 1 0 3 2 6 4 7 5
0 19 4 1 0 6 2 5 4 7 3
0 19 4 1 6 2 0 5 4 7 3
0 19 4 6 0 3 2 5 4 7 1
0 20 4 2 6 3 0 5 4 7 1
0 21 4 4 6 3 2 5 0 7 1
0 16 4 0 1 3 2 4 6 7 5
0 16 4 1 3 0 2 4 6 7 5
0 17 4 1 4 3 2 6 0 7 5
0 15 4 4 1 3 5 0 6 7 2
0 18 3 4 1 3 0 5 6 7 2
0 20 2 0 1 3 4 5 6 7 2
0 21 1 1 0 3 4 5 6 7 2
0 23 2 2 1 3 4 5 6 7 0
0 22 2 1 6 3 4 5 0 7 2
0 22 2 1 3 0 4 5 6 7 2
0 19 3 4 1 3 2 5 6 7 0
0 21 3 5 1 3 4 0 6 7 2
0 23 3 6 1 3 4 5 0 7 2
0 24 3 2 1 3 0 5 6 7 4
0 24 3 2 1 3 4 5 6 0 7
0 25 3 2 1 3 4 0 6 7 5
0 26 3 2 1 0 4 5 6 7 3
0 23 3 1 6 3 4 0 5 7 2
0 23 3 1 6 3 4 5 7 0 2
0 23 3 1 3 7 4 5 6 0 2
0 23 3 1 3 4 0 5 6 7 2
0 22 3 0 1 3 2 5 6 7 4
0 23 2 1 0 3 2 5 6 7 4
0 23 3 5 1 3 4 2 6 7 0
0 24 3 5 0 3 4 1 6 7 2
0 24 3 6 0 3 4 5 1 7 2
0 26 3 0 1 3 2 5 6 7 4
0 26 3 0 1 3 4 2 6 7 5
0 27 2 1 0 3 4 2 6 7 5
0 28 3 2 0 3 4 1 6 7 5
0 29 2 0 2 3 4 1 6 7 5
0 30 1 1 2 3 4 0 6 7 5
