0 0 0 5 6 3 4 0 2 1 7
0 1 4 0 6 3 4 5 2 1 7
0 2 4 6 0 3 4 5 2 1 7
0 3 3 6 2 3 4 5 0 1 7
0 4 3 6 2 3 4 5 1 0 7
0 5 2 6 2 3 4 5 1 7 0
0 8 2 0 2 3 4 5 1 7 6
0 11 1 1 2 3 4 5 0 7 6
0 12 2 1 0 3 4 5 2 7 6
0 12 2 1 2 3 4 0 5 7 6
0 12 2 1 2 3 4 5 7 0 6
0 14 2 1 2 3 4 6 5 7 0
0 13 2 1 2 3 4 5 7 6 0
0 6 3 6 2 3 0 5 1 7 4
0 7 3 6 2 3 4 0 1 7 5
0 8 3 6 2 0 4 5 1 7 3
0 9 3 5 2 3 4 0 1 7 6
0 9 3 2 0 3 4 5 1 7 6
0 10 3 4 2 3 0 5 1 7 6
0 13 3 0 1 3 4 5 2 7 6
0 13 3 1 3 0 4 5 2 7 6
0 13 3 0 2 3 4 1 5 7 6
0 15 3 1 0 3 4 2 5 7 6
0 15 3 1 2 3 0 4 5 7 6
0 13 3 1 2 0 4 5 7 3 6
0 15 3 1 2 3 0 6 5 7 4
0 15 3 1 2 3 4 6 5 0 7
0 17 3 1 2 0 4 6 5 7 3
0 17 3 0 2 3 4 6 5 7 1
0 14 3 1 2 3 0 5 7 6 4
0 15 3 1 2 3 4 0 7 6 5
0 16 3 1 2 0 4 5 7 6 3
0 16 3 0 2 3 4 5 7 6 1
0 8 3 0 2 3 6 5 1 7 4
0 11 2 1 2 3 6 5 0 7 4
0 8 3 0 2 3 4 6 1 7 5
0 11 2 1 2 3 4 6 0 7 5
0 12 1 1 2 3 4 0 6 7 5
