0 0 0 6 2 7 1 3 0 4 5
0 1 6 6 2 7 1 0 3 4 5
0 4 4 6 0 7 1 2 3 4 5
0 5 4 0 6 7 1 2 3 4 5
0 5 4 6 7 0 1 2 3 4 5
0 7 4 1 6 7 0 2 3 4 5
0 6 4 6 7 1 0 2 3 4 5
0 8 4 1 6 0 7 2 3 4 5
0 10 4 1 6 7 2 0 3 4 5
0 8 4 0 7 1 6 2 3 4 5
0 9 4 1 0 6 7 2 3 4 5
0 13 4 1 0 7 2 6 3 4 5
0 9 4 7 0 1 6 2 3 4 5
0 10 4 0 1 6 7 2 3 4 5
0 14 4 1 7 0 2 6 3 4 5
0 10 4 7 1 0 6 2 3 4 5
0 12 4 7 1 6 0 2 3 4 5
0 15 4 1 7 2 0 6 3 4 5
0 11 4 7 1 6 0 2 3 4 5
0 18 4 1 7 2 6 0 3 4 5
0 21 4 1 0 2 6 7 3 4 5
0 22 4 1 2 0 6 7 3 4 5
0 23 4 1 2 6 0 7 3 4 5
0 26 4 1 2 6 4 7 3 0 5
0 26 4 1 2 6 7 0 3 4 5
0 27 4 1 2 0 4 7 3 6 5
0 27 4 1 2 6 4 7 0 3 5
0 27 4 1 2 6 4 7 3 5 0
0 27 4 1 2 6 7 3 0 4 5
0 28 4 1 2 6 7 5 3 4 0
0 28 4 1 2 6 4 0 7 3 5
0 30 3 1 2 6 4 5 7 3 0
0 31 3 1 2 6 4 5 7 0 3
0 32 2 1 2 6 4 5 0 7 3
0 33 3 1 2 0 4 5 7 3 6
0 34 2 1 2 3 4 5 7 0 6
0 35 1 1 2 3 4 5 0 7 6
0 35 2 1 2 3 4 5 7 6 0
0 36 2 1 0 3 4 5 2 7 6
0 36 2 1 2 3 4 0 5 7 6
0 38 2 1 2 3 4 6 5 7 0
0 32 3 1 2 0 4 5 7 6 3
0 33 3 1 0 6 4 5 2 7 3
0 33 3 1 2 6 4 0 5 7 3
0 36 3 1 2 3 0 5 7 6 4
0 37 3 1 2 3 4 0 7 6 5
0 38 3 1 2 0 4 5 7 6 3
0 38 3 0 2 3 4 5 7 6 1
0 37 3 0 1 3 4 5 2 7 6
0 37 3 1 3 0 4 5 2 7 6
0 37 3 0 2 3 4 1 5 7 6
0 39 3 1 0 3 4 2 5 7 6
0 39 3 1 2 3 0 4 5 7 6
0 39 3 1 2 3 0 6 5 7 4
0 39 3 1 2 3 4 6 5 0 7
0 41 3 1 2 0 4 6 5 7 3
0 41 3 0 2 3 4 6 5 7 1
0 34 3 1 6 0 4 5 2 7 3
0 35 3 1 2 6 4 3 5 7 0
0 39 3 1 2 3 6 5 7 0 4
0 40 2 1 2 3 6 5 0 7 4
0 38 3 1 2 3 4 7 0 6 5
0 39 2 1 2 3 4 7 6 0 5
0 40 2 1 2 3 4 7 6 5 0
0 42 2 1 2 3 4 0 6 5 7
0 41 3 7 2 3 4 5 0 6 1
0 42 2 7 2 3 4 5 6 0 1
0 43 2 7 2 3 4 5 6 1 0
0 46 2 0 2 3 4 5 6 1 7
0 40 3 2 1 3 4 5 0 7 6
0 40 3 6 1 3 4 5 2 7 0
0 40 3 5 2 3 4 1 0 7 6
0 40 3 6 2 3 4 1 5 7 0
0 40 3 1 5 3 4 2 0 7 6
0 40 3 1 2 3 6 4 5 7 0
0 42 3 1 2 3 6 0 5 7 4
0 40 3 1 2 3 4 6 0 5 7
0 42 3 6 2 3 4 0 5 7 1
0 43 2 6 2 3 4 5 0 7 1
0 44 3 5 2 3 4 6 0 7 1
0 45 2 5 2 3 4 0 6 7 1
0 46 1 0 2 3 4 5 6 7 1
