0 0 0 6 1 0 2 5 7 4 3
0 1 6 6 1 4 2 5 7 0 3
0 2 5 6 1 4 2 5 0 7 3
0 3 5 6 0 4 2 5 1 7 3
0 4 5 0 6 4 2 5 1 7 3
0 7 4 1 6 4 2 5 0 7 3
0 8 3 1 0 4 2 5 6 7 3
0 9 3 1 4 0 2 5 6 7 3
0 10 3 1 4 2 0 5 6 7 3
0 11 3 1 4 2 3 5 6 7 0
0 14 3 1 4 0 3 5 6 7 2
0 15 2 1 4 3 0 5 6 7 2
0 16 2 1 4 3 2 5 6 7 0
0 15 3 1 0 4 3 5 6 7 2
0 17 3 0 4 3 1 5 6 7 2
0 18 3 1 4 3 7 5 6 0 2
0 18 3 1 4 3 5 0 6 7 2
0 17 3 1 4 3 2 5 6 0 7
0 18 3 1 4 3 2 0 6 7 5
0 19 3 0 4 3 2 5 6 7 1
0 18 3 4 0 3 1 5 6 7 2
0 20 3 2 4 3 1 5 6 7 0
0 19 3 1 4 3 7 5 6 2 0
0 20 3 1 4 3 5 2 6 7 0
0 21 3 1 0 3 5 4 6 7 2
0 21 3 1 0 3 2 4 6 7 5
0 21 3 1 4 3 0 2 6 7 5
0 20 3 4 0 3 2 5 6 7 1
0 21 3 2 4 3 0 5 6 7 1
0 21 3 2 4 3 0 5 6 7 1
0 20 3 1 4 3 0 5 6 2 7
0 21 3 1 4 3 0 2 6 7 5
0 9 4 0 1 4 2 5 6 7 3
0 10 4 1 4 7 2 5 6 0 3
0 12 4 0 4 2 1 5 6 7 3
0 13 4 1 4 2 7 5 6 0 3
0 13 4 1 4 2 5 0 6 7 3
0 12 4 1 4 2 3 5 6 0 7
0 13 4 1 4 2 3 0 6 7 5
0 14 4 0 4 2 3 5 6 7 1
0 15 4 1 4 7 3 5 6 0 2
0 16 4 1 6 4 3 5 0 7 2
0 16 4 0 1 4 3 5 6 7 2
0 18 4 5 4 3 1 0 6 7 2
0 20 4 6 4 3 1 5 0 7 2
0 19 4 1 4 0 7 5 6 3 2
0 19 4 1 4 3 7 5 0 6 2
0 19 4 0 4 3 5 1 6 7 2
0 19 4 1 4 3 5 6 0 7 2
0 18 4 1 4 0 2 5 6 3 7
0 18 4 1 4 3 2 5 0 6 7
0 19 4 0 4 3 2 1 6 7 5
0 19 4 1 4 3 2 6 0 7 5
0 20 4 5 4 3 2 0 6 7 1
0 22 4 6 4 3 2 5 0 7 1
0 19 4 4 6 3 1 5 0 7 2
0 19 4 4 3 0 1 5 6 7 2
0 21 4 2 4 3 1 5 6 0 7
0 22 4 2 4 3 1 0 6 7 5
0 23 4 2 4 0 1 5 6 7 3
0 21 4 1 4 3 7 0 6 2 5
0 22 4 1 4 0 7 5 6 2 3
0 22 4 0 4 3 7 5 6 2 1
0 21 4 1 4 3 5 2 6 0 7
0 23 4 1 4 0 5 2 6 7 3
0 23 4 0 4 3 5 2 6 7 1
0 22 4 1 6 3 5 4 0 7 2
0 22 4 0 1 3 5 4 6 7 2
0 22 4 1 3 0 5 4 6 7 2
0 22 4 1 6 3 2 4 0 7 5
0 22 4 0 1 3 2 4 6 7 5
0 22 4 1 3 0 2 4 6 7 5
0 22 4 1 4 0 3 2 6 7 5
0 23 4 0 4 3 1 2 6 7 5
0 24 4 1 4 3 7 2 6 0 5
0 21 4 4 6 3 2 5 0 7 1
0 21 4 4 3 0 2 5 6 7 1
0 22 4 2 4 0 3 5 6 7 1
0 24 4 2 4 3 7 5 6 0 1
0 24 4 2 4 3 5 0 6 7 1
0 22 4 2 4 0 3 5 6 7 1
0 24 4 2 4 3 7 5 6 0 1
0 24 4 2 4 3 5 0 6 7 1
0 21 4 1 4 0 3 5 6 2 7
0 22 4 0 4 3 1 5 6 2 7
0 23 4 1 4 3 5 0 6 2 7
0 22 4 1 4 0 3 2 6 7 5
0 23 4 0 4 3 1 2 6 7 5
0 24 4 1 4 3 7 2 6 0 5
0 11 4 2 1 4 0 5 6 7 3
0 12 3 2 1 0 4 5 6 7 3
0 13 3 2 0 1 4 5 6 7 3
0 14 2 0 2 1 4 5 6 7 3
0 17 2 3 2 1 4 5 6 7 0
0 20 2 3 2 0 4 5 6 7 1
0 15 3 5 2 1 4 0 6 7 3
0 16 3 4 2 1 0 5 6 7 3
0 17 3 6 2 1 4 5 0 7 3
0 18 3 3 2 1 0 5 6 7 4
0 18 3 3 2 1 4 5 6 0 7
0 19 3 3 2 1 4 0 6 7 5
0 21 3 3 2 7 4 5 6 0 1
0 21 3 3 0 2 4 5 6 7 1
0 21 3 3 2 4 0 5 6 7 1
0 17 3 5 2 1 4 3 6 7 0
0 17 3 4 2 1 3 5 6 7 0
0 17 3 4 2 0 1 5 6 7 3
0 19 3 3 2 0 1 5 6 7 4
0 20 3 0 2 1 3 5 6 7 4
0 19 3 3 2 0 4 5 6 1 7
0 20 3 0 2 1 4 3 6 7 5
0 22 3 3 2 7 4 5 6 1 0
0 22 3 0 3 2 4 5 6 7 1
0 25 2 1 3 2 4 5 6 7 0
0 28 2 1 3 0 4 5 6 7 2
0 29 1 1 0 3 4 5 6 7 2
0 30 2 1 6 3 4 5 0 7 2
0 30 2 0 1 3 4 5 6 7 2
0 33 2 2 1 3 4 5 6 7 0
0 22 3 3 2 4 1 5 6 7 0
0 23 3 0 2 4 3 5 6 7 1
0 26 2 1 2 4 3 5 6 7 0
0 27 2 1 2 4 0 5 6 7 3
0 28 1 1 2 0 4 5 6 7 3
0 29 2 1 2 0 3 5 6 7 4
0 30 1 1 2 3 0 5 6 7 4
