0 0 0 6 1 5 3 4 2 0 7
0 1 6 6 1 5 3 4 0 2 7
0 1 6 6 1 5 3 4 2 7 0
0 2 6 6 0 5 3 4 1 2 7
0 2 6 6 1 5 3 0 4 2 7
0 2 6 6 1 5 0 4 2 7 3
0 5 5 6 1 5 4 0 2 7 3
0 6 5 0 1 5 4 6 2 7 3
0 7 4 1 0 5 4 6 2 7 3
0 8 3 1 2 5 4 6 0 7 3
0 9 2 1 2 5 4 0 6 7 3
0 11 2 1 2 5 4 3 6 7 0
0 14 2 1 2 0 4 3 6 7 5
0 10 3 0 2 5 4 1 6 7 3
0 12 3 1 0 5 4 2 6 7 3
0 12 3 1 2 5 0 4 6 7 3
0 12 3 1 2 5 0 3 6 7 4
0 12 3 1 2 5 4 3 6 0 7
0 14 3 0 2 5 4 3 6 7 1
0 15 3 1 2 7 4 3 6 0 5
0 15 3 1 0 2 4 3 6 7 5
0 15 3 1 2 4 0 3 6 7 5
0 13 3 3 2 5 4 1 6 7 0
0 13 3 1 5 0 4 2 6 7 3
0 13 3 1 2 5 3 4 6 7 0
0 13 3 1 2 0 5 4 6 7 3
0 13 3 1 2 0 5 3 6 7 4
0 15 3 1 2 5 3 0 6 7 4
0 13 3 1 2 0 4 3 6 5 7
0 15 3 3 2 5 4 0 6 7 1
0 16 3 1 2 7 4 3 6 5 0
0 16 3 1 2 4 5 3 6 7 0
0 18 3 1 2 4 3 0 6 7 5
0 20 2 1 2 4 3 5 6 7 0
0 21 2 1 2 4 0 5 6 7 3
0 22 1 1 2 0 4 5 6 7 3
0 23 2 1 2 0 3 5 6 7 4
0 24 1 1 2 3 0 5 6 7 4
