0 0 0 6 4 3 7 2 0 1 5
0 1 6 6 0 3 7 2 4 1 5
0 1 6 6 4 3 7 0 2 1 5
0 3 5 6 4 3 7 5 2 1 0
0 4 5 6 4 3 0 5 2 1 7
0 4 5 6 4 3 7 5 2 0 1
0 6 5 0 4 3 7 5 2 1 6
0 6 5 0 4 3 6 5 2 1 7
0 7 5 6 4 3 1 5 2 0 7
0 8 4 6 4 3 1 5 2 7 0
0 9 4 6 4 3 0 5 2 7 1
0 11 4 0 4 3 1 5 2 7 6
0 13 3 1 4 3 0 5 2 7 6
0 14 3 1 4 3 6 5 2 7 0
0 11 4 0 4 3 6 5 2 7 1
0 12 4 4 0 3 1 5 2 7 6
0 13 3 4 2 3 1 5 0 7 6
0 14 4 2 4 3 1 5 0 7 6
0 14 4 1 4 0 3 5 2 7 6
0 16 4 1 4 3 7 5 2 0 6
0 16 4 1 4 3 5 0 2 7 6
0 15 4 1 4 3 6 5 2 0 7
0 16 4 1 4 3 6 0 2 7 5
0 17 4 1 4 0 6 5 2 7 3
0 17 4 0 4 3 6 5 2 7 1
0 12 4 4 0 3 6 5 2 7 1
0 13 3 4 2 3 6 5 0 7 1
0 14 4 2 4 3 6 5 0 7 1
0 14 4 4 2 3 1 0 5 7 6
0 14 4 4 2 3 1 5 7 0 6
0 15 4 2 0 3 1 5 4 7 6
0 16 3 0 2 3 1 5 4 7 6
0 18 2 1 2 3 0 5 4 7 6
0 19 2 1 2 3 6 5 4 7 0
0 19 3 6 2 3 1 5 4 7 0
0 19 3 1 2 0 3 5 4 7 6
0 21 3 1 2 3 7 5 4 0 6
0 21 3 1 2 3 5 0 4 7 6
0 20 3 1 2 3 6 5 4 0 7
0 21 3 1 2 3 6 0 4 7 5
0 22 3 1 2 0 6 5 4 7 3
0 22 3 0 2 3 6 5 4 7 1
0 20 3 6 2 3 0 5 4 7 1
0 22 3 1 2 3 7 5 0 4 6
0 22 3 1 2 3 7 5 4 6 0
0 22 3 1 2 3 5 4 0 7 6
0 23 3 1 2 3 5 6 4 7 0
0 21 3 1 2 3 6 5 0 4 7
0 22 3 1 2 3 6 4 0 7 5
0 24 3 1 2 3 0 6 4 7 5
0 23 3 1 2 6 0 5 4 7 3
0 24 3 6 2 3 0 5 4 7 1
0 23 3 1 2 3 0 5 4 6 7
0 24 3 1 2 3 0 6 4 7 5
0 24 3 1 2 6 3 5 4 7 0
0 15 4 1 0 4 3 5 2 7 6
0 16 3 1 2 4 3 5 0 7 6
0 17 4 1 4 3 7 5 0 2 6
0 17 4 1 4 3 7 5 2 6 0
0 17 4 1 4 3 5 2 0 7 6
0 18 4 1 4 3 5 6 2 7 0
0 19 4 1 0 3 5 4 2 7 6
0 16 4 1 4 3 6 5 0 2 7
0 17 4 1 4 3 6 2 0 7 5
0 19 4 1 0 3 6 4 2 7 5
0 19 4 1 4 3 0 6 2 7 5
0 18 4 1 0 4 6 5 2 7 3
0 19 3 1 2 4 6 5 0 7 3
0 18 4 1 4 6 0 5 2 7 3
0 18 4 4 0 3 6 5 2 7 1
0 20 4 2 4 3 6 5 0 7 1
0 14 4 4 2 3 6 0 5 7 1
0 14 4 4 2 3 6 5 7 0 1
0 15 4 2 0 3 6 5 4 7 1
0 15 4 0 2 3 1 4 5 7 6
0 17 3 1 2 3 0 4 5 7 6
0 20 2 1 2 3 4 0 5 7 6
0 21 1 1 2 3 4 5 0 7 6
0 22 2 1 2 3 4 6 5 7 0
0 22 2 1 0 3 4 5 2 7 6
0 22 2 1 2 3 4 5 7 0 6
0 23 2 1 2 3 4 5 7 6 0
0 18 3 1 2 3 6 4 5 7 0
0 21 3 0 2 3 4 1 5 7 6
0 23 3 1 0 3 4 2 5 7 6
0 23 3 1 2 3 0 6 5 7 4
0 23 3 1 2 3 4 6 5 0 7
0 25 3 1 2 0 4 6 5 7 3
0 25 3 0 2 3 4 6 5 7 1
0 23 3 0 1 3 4 5 2 7 6
0 23 3 1 3 0 4 5 2 7 6
0 23 3 1 2 0 4 5 7 3 6
0 24 3 1 2 3 0 5 7 6 4
0 25 3 1 2 3 4 0 7 6 5
0 26 3 1 2 0 4 5 7 6 3
0 26 3 0 2 3 4 5 7 6 1
0 20 3 1 2 3 6 0 5 7 4
0 21 2 1 2 3 6 5 0 7 4
0 24 3 5 2 3 4 1 0 7 6
0 24 3 6 2 3 4 1 5 7 0
0 24 3 1 5 3 4 2 0 7 6
0 26 3 1 2 3 6 0 5 7 4
0 24 3 1 2 3 4 6 0 5 7
0 25 2 1 2 3 4 0 6 5 7
0 27 2 1 2 3 4 7 6 5 0
0 28 2 1 2 3 4 7 6 0 5
0 26 3 6 2 3 4 0 5 7 1
0 27 2 6 2 3 4 5 0 7 1
0 28 3 5 2 3 4 6 0 7 1
0 29 2 5 2 3 4 0 6 7 1
0 30 1 0 2 3 4 5 6 7 1
