0 0 0 4 5 6 0 3 7 2 1
0 2 6 0 5 6 4 3 7 2 1
0 5 5 1 5 6 4 3 7 2 0
0 6 5 1 5 6 4 3 7 0 2
0 7 4 1 5 6 4 3 0 7 2
0 8 4 1 0 6 4 3 5 7 2
0 8 4 1 5 6 4 0 3 7 2
0 11 3 1 0 6 4 5 3 7 2
0 12 3 1 3 6 4 5 0 7 2
0 12 3 1 6 0 4 5 3 7 2
0 9 4 1 6 0 4 3 5 7 2
0 10 4 1 5 6 4 2 3 7 0
0 12 4 0 1 6 4 5 3 7 2
0 13 4 1 3 6 4 0 5 7 2
0 13 4 1 3 6 4 5 7 0 2
0 13 4 1 6 7 4 5 3 0 2
0 13 4 1 6 4 0 5 3 7 2
0 13 4 1 5 0 4 2 3 7 6
0 15 4 3 1 6 4 5 0 7 2
0 15 4 2 1 6 4 5 3 7 0
0 15 4 1 3 6 4 2 5 7 0
0 14 4 1 3 0 4 5 7 6 2
0 15 3 1 0 3 4 5 7 6 2
0 16 3 1 7 3 4 5 0 6 2
0 17 2 1 7 3 4 5 6 0 2
0 18 2 1 7 3 4 5 6 2 0
0 18 3 1 7 0 4 5 6 3 2
0 19 3 1 7 3 0 5 6 2 4
0 20 3 1 7 3 4 0 6 2 5
0 21 3 1 7 0 4 5 6 2 3
0 21 3 0 7 3 4 5 6 2 1
0 19 3 1 0 7 4 5 6 3 2
0 22 3 1 7 3 2 5 6 0 4
0 23 3 1 0 3 4 7 6 2 5
0 22 3 1 7 2 4 5 6 0 3
0 22 3 1 0 7 4 5 6 2 3
0 22 3 7 0 3 4 5 6 2 1
0 23 3 1 7 3 2 5 6 4 0
0 23 3 1 7 2 4 5 6 3 0
0 24 3 1 7 3 0 5 6 4 2
0 14 4 1 3 6 4 5 7 2 0
0 14 4 1 6 7 4 5 0 3 2
0 14 4 1 6 7 4 5 3 2 0
0 14 4 1 6 4 2 5 3 7 0
0 14 4 1 0 5 4 2 3 7 6
0 16 4 3 0 6 4 5 1 7 2
0 18 4 2 1 0 4 5 3 7 6
0 18 4 1 3 0 4 2 5 7 6
0 19 3 1 0 3 4 2 5 7 6
0 20 3 1 5 3 4 2 0 7 6
0 21 3 1 5 3 4 0 2 7 6
0 24 2 1 0 3 4 5 2 7 6
0 25 1 1 2 3 4 5 0 7 6
0 26 2 1 2 3 4 0 5 7 6
0 26 2 1 2 3 4 5 7 0 6
0 28 2 1 2 3 4 6 5 7 0
0 27 2 1 2 3 4 5 7 6 0
0 23 3 1 5 3 4 6 2 7 0
0 25 3 0 1 3 4 5 2 7 6
0 25 3 1 3 0 4 5 2 7 6
0 27 3 0 2 3 4 1 5 7 6
0 29 3 1 2 3 0 4 5 7 6
0 27 3 1 2 0 4 5 7 3 6
0 29 3 1 2 3 0 6 5 7 4
0 29 3 1 2 3 4 6 5 0 7
0 31 3 1 2 0 4 6 5 7 3
0 31 3 0 2 3 4 6 5 7 1
0 28 3 1 2 3 0 5 7 6 4
0 29 3 1 2 3 4 0 7 6 5
0 30 3 1 2 0 4 5 7 6 3
0 30 3 0 2 3 4 5 7 6 1
0 28 3 2 1 3 4 5 0 7 6
0 28 3 6 1 3 4 5 2 7 0
0 30 3 5 2 3 4 1 0 7 6
0 30 3 6 2 3 4 1 5 7 0
0 30 3 1 2 3 6 4 5 7 0
0 32 3 1 2 3 6 0 5 7 4
0 33 2 1 2 3 6 5 0 7 4
0 30 3 1 2 3 4 6 0 5 7
0 31 2 1 2 3 4 0 6 5 7
0 33 2 1 2 3 4 7 6 5 0
0 34 2 1 2 3 4 7 6 0 5
0 32 3 6 2 3 4 0 5 7 1
0 33 2 6 2 3 4 5 0 7 1
0 34 3 5 2 3 4 6 0 7 1
0 35 2 5 2 3 4 0 6 7 1
0 36 1 0 2 3 4 5 6 7 1
