0 0 0 2 0 7 6 3 4 5 1
0 1 6 0 2 7 6 3 4 5 1
0 4 5 1 2 7 6 3 4 5 0
0 5 5 1 2 7 0 3 4 5 6
0 5 5 1 2 7 6 3 4 0 5
0 6 4 1 2 0 6 3 4 7 5
0 6 4 1 2 7 6 3 0 4 5
0 7 4 1 2 6 0 3 4 7 5
0 7 4 1 2 7 6 0 3 4 5
0 8 4 1 2 6 5 3 4 7 0
0 10 4 1 2 6 3 0 4 7 5
0 12 3 1 2 6 3 5 4 7 0
0 13 3 1 2 6 0 5 4 7 3
0 15 3 1 2 0 3 5 4 7 6
0 16 2 1 2 3 0 5 4 7 6
0 17 2 1 2 3 6 5 4 7 0
0 14 3 1 2 0 6 5 4 7 3
0 18 3 0 2 3 1 5 4 7 6
0 19 3 1 2 3 7 5 4 0 6
0 19 3 1 2 3 5 0 4 7 6
0 18 3 1 2 3 6 5 4 0 7
0 19 3 1 2 3 6 0 4 7 5
0 20 3 1 2 0 6 5 4 7 3
0 20 3 0 2 3 6 5 4 7 1
0 21 3 4 2 3 1 5 0 7 6
0 21 3 6 2 3 1 5 4 7 0
0 20 3 1 2 3 7 5 0 4 6
0 20 3 1 2 3 7 5 4 6 0
0 20 3 1 2 3 5 4 0 7 6
0 21 3 1 2 3 5 6 4 7 0
0 19 3 1 2 3 6 5 0 4 7
0 20 3 1 2 3 6 4 0 7 5
0 22 3 1 2 3 0 6 4 7 5
0 22 3 6 2 3 0 5 4 7 1
0 23 3 4 2 3 6 5 0 7 1
0 22 3 6 2 3 0 5 4 7 1
0 21 3 1 2 3 0 5 4 6 7
0 22 3 1 2 3 0 6 4 7 5
0 9 4 1 2 7 6 5 3 4 0
0 10 4 1 0 7 6 2 3 4 5
0 10 4 1 2 7 0 6 3 4 5
0 10 4 1 2 6 5 0 4 7 3
0 11 4 1 2 0 5 3 4 7 6
0 11 4 1 2 6 3 4 0 7 5
0 13 4 1 2 6 3 5 4 0 7
0 15 4 0 2 6 3 5 4 7 1
0 15 4 0 2 6 1 5 4 7 3
0 16 4 1 2 6 7 5 4 0 3
0 16 4 1 2 6 5 0 4 7 3
0 16 4 1 2 7 3 5 4 0 6
0 16 4 1 0 2 3 5 4 7 6
0 15 4 1 2 7 6 5 4 0 3
0 15 4 1 0 2 6 5 4 7 3
0 19 4 5 2 3 1 0 4 7 6
0 19 4 2 0 3 1 5 4 7 6
0 20 4 1 2 0 7 5 4 3 6
0 20 4 0 2 3 5 1 4 7 6
0 22 4 1 0 3 5 2 4 7 6
0 19 4 1 2 0 6 5 4 3 7
0 20 4 0 2 3 6 1 4 7 5
0 22 4 1 0 3 6 2 4 7 5
0 21 4 1 2 7 6 5 4 0 3
0 21 4 1 0 2 6 5 4 7 3
0 21 4 5 2 3 6 0 4 7 1
0 21 4 2 0 3 6 5 4 7 1
0 22 4 4 0 3 1 5 2 7 6
0 22 4 4 2 3 1 0 5 7 6
0 22 4 4 2 3 1 5 7 0 6
0 22 4 6 2 3 1 5 4 0 7
0 23 4 6 2 3 1 0 4 7 5
0 24 4 6 2 0 1 5 4 7 3
0 21 4 1 0 3 7 5 2 4 6
0 21 4 1 2 3 7 0 5 4 6
0 22 4 1 2 3 7 0 4 6 5
0 23 4 1 2 0 7 5 4 6 3
0 23 4 0 2 3 7 5 4 6 1
0 21 4 1 0 3 5 4 2 7 6
0 21 4 1 2 3 5 4 7 0 6
0 22 4 1 2 3 5 6 4 0 7
0 24 4 1 2 0 5 6 4 7 3
0 24 4 0 2 3 5 6 4 7 1
0 20 4 1 0 3 6 5 2 4 7
0 20 4 1 2 3 6 0 5 4 7
0 21 4 1 0 3 6 4 2 7 5
0 21 4 1 2 3 6 4 7 0 5
0 23 4 1 2 0 3 6 4 7 5
0 24 4 0 2 3 1 6 4 7 5
0 25 4 1 2 3 7 6 4 0 5
0 23 4 6 2 0 3 5 4 7 1
0 25 4 6 2 3 7 5 4 0 1
0 25 4 6 2 3 5 0 4 7 1
0 24 4 4 0 3 6 5 2 7 1
0 24 4 4 2 3 6 0 5 7 1
0 24 4 4 2 3 6 5 7 0 1
0 23 4 6 2 0 3 5 4 7 1
0 25 4 6 2 3 7 5 4 0 1
0 25 4 6 2 3 5 0 4 7 1
0 22 4 1 2 0 3 5 4 6 7
0 23 4 0 2 3 1 5 4 6 7
0 24 4 1 2 3 5 0 4 6 7
0 23 4 1 2 0 3 6 4 7 5
0 24 4 0 2 3 1 6 4 7 5
0 25 4 1 2 3 7 6 4 0 5
0 10 4 1 2 7 0 5 3 4 6
0 13 3 1 2 7 4 5 3 0 6
0 14 2 1 2 0 4 5 3 7 6
0 14 3 1 2 7 4 5 0 3 6
0 14 3 1 2 7 4 5 3 6 0
0 15 3 1 0 2 4 5 3 7 6
0 15 3 1 2 4 0 5 3 7 6
0 17 3 1 2 0 4 5 3 6 7
0 16 3 1 3 2 4 5 0 7 6
0 16 3 1 2 4 6 5 3 7 0
0 18 3 1 2 6 4 5 3 0 7
0 19 2 1 2 6 4 5 3 7 0
0 19 3 1 2 0 6 5 3 7 4
0 19 3 1 2 6 4 5 0 3 7
0 20 3 1 2 6 0 5 3 7 4
0 21 3 1 2 6 4 0 3 7 5
0 22 3 0 2 6 4 5 3 7 1
0 20 3 1 2 6 0 5 3 7 4
0 22 3 1 2 6 4 3 0 7 5
0 25 3 3 2 6 4 5 0 7 1
0 10 4 1 2 7 6 5 3 0 4
0 12 4 1 2 0 6 5 3 4 7
0 11 4 0 1 7 6 2 3 4 5
0 11 4 1 7 0 6 2 3 4 5
0 11 4 1 2 0 7 6 3 4 5
0 13 4 1 2 7 4 6 3 0 5
0 14 3 1 2 0 4 6 3 7 5
0 11 4 1 2 6 5 4 0 7 3
0 12 4 1 2 5 0 3 4 7 6
0 14 4 1 2 0 3 5 4 6 7
0 14 4 1 2 6 3 5 0 4 7
0 17 4 3 2 6 0 5 4 7 1
0 18 4 4 2 6 3 5 0 7 1
0 18 4 4 2 6 1 5 0 7 3
0 18 4 3 2 6 1 5 4 7 0
0 17 4 1 2 0 7 5 4 6 3
0 17 4 1 2 6 7 5 0 4 3
0 17 4 1 2 6 7 5 4 3 0
0 17 4 1 2 6 5 4 0 7 3
0 17 4 1 2 7 3 5 0 4 6
0 17 4 1 2 7 3 5 4 6 0
0 17 4 1 4 2 3 5 0 7 6
0 16 4 1 2 7 6 5 0 4 3
0 16 4 1 2 7 6 5 4 3 0
0 16 4 1 4 2 6 5 0 7 3
0 20 4 5 2 3 1 4 0 7 6
0 21 4 5 2 3 1 6 4 7 0
0 22 4 5 2 3 0 1 4 7 6
0 20 4 2 4 3 1 5 0 7 6
0 21 4 1 2 7 0 5 4 3 6
0 22 4 5 2 3 0 1 4 7 6
0 23 4 4 2 3 5 1 0 7 6
0 23 4 6 2 3 5 1 4 7 0
0 23 4 1 4 3 5 2 0 7 6
0 20 4 1 2 6 0 5 4 3 7
0 22 4 6 2 3 0 1 4 7 5
0 23 4 4 2 3 6 1 0 7 5
0 23 4 5 2 3 6 1 4 7 0
0 23 4 1 4 3 6 2 0 7 5
0 22 4 1 2 7 6 5 0 4 3
0 22 4 1 2 7 6 5 4 3 0
0 22 4 1 4 2 6 5 0 7 3
0 22 4 5 2 3 6 4 0 7 1
0 23 4 5 2 3 6 1 4 7 0
0 24 4 5 2 3 0 6 4 7 1
0 22 4 2 4 3 6 5 0 7 1
0 23 4 0 4 3 1 5 2 7 6
0 25 3 1 4 3 0 5 2 7 6
0 26 3 1 4 3 6 5 2 7 0
0 23 4 0 2 3 1 4 5 7 6
0 25 3 1 2 3 0 4 5 7 6
0 28 2 1 2 3 4 0 5 7 6
0 29 1 1 2 3 4 5 0 7 6
0 30 2 1 2 3 4 6 5 7 0
0 30 2 1 0 3 4 5 2 7 6
0 30 2 1 2 3 4 5 7 0 6
0 31 2 1 2 3 4 5 7 6 0
0 26 3 1 2 3 6 4 5 7 0
0 29 3 0 2 3 4 1 5 7 6
0 31 3 1 0 3 4 2 5 7 6
0 31 3 1 2 3 0 6 5 7 4
0 31 3 1 2 3 4 6 5 0 7
0 33 3 1 2 0 4 6 5 7 3
0 33 3 0 2 3 4 6 5 7 1
0 31 3 0 1 3 4 5 2 7 6
0 31 3 1 3 0 4 5 2 7 6
0 31 3 1 2 0 4 5 7 3 6
0 32 3 1 2 3 0 5 7 6 4
0 33 3 1 2 3 4 0 7 6 5
0 34 3 1 2 0 4 5 7 6 3
0 34 3 0 2 3 4 5 7 6 1
0 28 3 1 2 3 6 0 5 7 4
0 29 2 1 2 3 6 5 0 7 4
0 32 3 5 2 3 4 1 0 7 6
0 32 3 6 2 3 4 1 5 7 0
0 32 3 1 5 3 4 2 0 7 6
0 34 3 1 2 3 6 0 5 7 4
0 32 3 1 2 3 4 6 0 5 7
0 33 2 1 2 3 4 0 6 5 7
0 35 2 1 2 3 4 7 6 5 0
0 36 2 1 2 3 4 7 6 0 5
0 34 3 6 2 3 4 0 5 7 1
0 35 2 6 2 3 4 5 0 7 1
0 36 3 5 2 3 4 6 0 7 1
0 37 2 5 2 3 4 0 6 7 1
0 38 1 0 2 3 4 5 6 7 1
