0 0 0 0 4 5 2 6 7 1 3
0 1 7 6 4 5 2 0 7 1 3
0 1 7 4 0 5 2 6 7 1 3
0 2 7 2 4 5 0 6 7 1 3
0 5 6 2 4 5 6 0 7 1 3
0 6 6 0 4 5 6 2 7 1 3
0 6 6 2 4 5 6 7 0 1 3
0 7 6 2 4 5 6 3 7 1 0
0 8 6 2 0 5 6 4 7 1 3
0 7 6 4 0 5 6 2 7 1 3
0 9 6 7 4 5 6 2 0 1 3
0 9 6 3 4 5 6 2 7 1 0
0 7 6 2 0 5 6 7 4 1 3
0 7 6 2 4 5 6 7 1 0 3
0 8 6 2 4 5 6 3 7 0 1
0 10 6 0 4 5 6 3 7 1 2
0 9 6 2 7 5 6 4 0 1 3
0 9 6 0 2 5 6 4 7 1 3
0 8 6 4 7 5 6 2 0 1 3
0 8 6 4 5 0 6 2 7 1 3
0 10 6 7 0 5 6 2 4 1 3
0 10 6 7 4 5 6 0 2 1 3
0 10 6 7 4 5 6 2 1 0 3
0 10 6 3 4 5 6 2 7 0 1
0 11 6 3 4 5 6 0 7 1 2
0 12 6 3 4 0 6 2 7 1 5
0 8 6 0 2 5 6 7 4 1 3
0 8 6 2 5 0 6 7 4 1 3
0 8 6 2 4 5 6 7 1 3 0
0 9 6 2 4 5 6 3 0 7 1
0 11 6 3 4 5 6 0 7 1 2
0 11 6 4 0 5 6 3 7 1 2
0 13 6 7 4 5 6 3 0 1 2
0 10 6 2 7 5 6 0 4 1 3
0 10 6 2 7 5 6 4 1 0 3
0 10 6 4 2 5 6 0 7 1 3
0 11 6 6 2 5 0 4 7 1 3
0 14 5 6 2 5 4 0 7 1 3
0 15 5 0 2 5 4 6 7 1 3
0 15 5 6 2 5 4 7 0 1 3
0 16 5 6 2 5 4 3 7 1 0
0 18 5 7 2 5 4 6 0 1 3
0 19 4 7 2 5 4 0 6 1 3
0 20 4 0 2 5 4 7 6 1 3
0 21 4 7 2 5 4 3 6 1 0
0 23 4 3 2 5 4 7 6 1 0
0 22 4 7 2 5 4 3 6 0 1
0 24 4 7 2 0 4 3 6 1 5
0 24 4 0 2 5 4 3 6 1 7
0 24 4 3 2 5 4 7 6 0 1
0 25 4 3 2 5 4 0 6 1 7
0 26 4 3 2 0 4 7 6 1 5
0 23 4 7 2 0 4 3 6 5 1
0 25 4 7 2 1 4 3 6 0 5
0 25 4 3 2 5 4 0 6 1 7
0 25 4 3 2 0 4 7 6 5 1
0 27 4 3 2 1 4 7 6 0 5
0 26 4 7 2 1 4 3 6 5 0
0 28 4 3 2 1 4 7 6 5 0
0 28 4 7 2 1 4 0 6 5 3
0 29 4 0 2 1 4 3 6 5 7
0 30 4 3 2 1 4 0 6 5 7
0 31 4 0 2 1 4 7 6 5 3
0 29 4 0 2 1 4 7 6 5 3
0 30 4 3 2 1 4 0 6 5 7
0 18 5 3 2 5 4 6 7 1 0
0 16 5 6 2 5 4 7 1 0 3
0 17 5 6 2 5 4 3 7 0 1
0 18 4 6 2 5 4 3 0 7 1
0 19 4 6 2 5 4 0 3 7 1
0 20 4 0 2 5 4 6 3 7 1
0 23 3 1 2 5 4 6 3 7 0
0 25 3 1 2 5 4 0 3 7 6
0 26 3 1 2 0 4 6 3 7 5
0 26 3 1 2 5 4 3 0 7 6
0 21 4 6 2 5 4 1 3 7 0
0 23 4 3 2 5 4 6 0 7 1
0 24 3 3 2 5 4 0 6 7 1
0 25 3 0 2 5 4 3 6 7 1
0 28 2 1 2 5 4 3 6 7 0
0 30 2 1 2 5 4 0 6 7 3
0 31 2 1 2 0 4 3 6 7 5
0 26 3 3 2 5 4 1 6 7 0
0 29 3 1 2 5 0 3 6 7 4
0 29 3 1 2 5 4 3 6 0 7
0 31 3 0 2 5 4 1 6 7 3
0 31 3 1 2 5 4 6 0 7 3
0 33 3 1 0 5 4 2 6 7 3
0 33 3 1 2 5 0 4 6 7 3
0 32 3 1 2 7 4 3 6 0 5
0 32 3 1 0 2 4 3 6 7 5
0 32 3 1 2 4 0 3 6 7 5
0 29 3 3 2 0 4 1 6 7 5
0 29 3 0 2 5 4 1 6 7 3
0 30 3 1 2 0 5 3 6 7 4
0 32 3 1 2 5 3 0 6 7 4
0 30 3 1 2 0 4 3 6 5 7
0 34 3 1 5 0 4 2 6 7 3
0 34 3 1 2 5 3 4 6 7 0
0 34 3 1 2 0 5 4 6 7 3
0 33 3 1 2 7 4 3 6 5 0
0 33 3 1 2 4 5 3 6 7 0
0 35 3 1 2 4 3 0 6 7 5
0 37 2 1 2 4 3 5 6 7 0
0 38 2 1 2 4 0 5 6 7 3
0 39 1 1 2 0 4 5 6 7 3
0 40 2 1 2 0 3 5 6 7 4
0 41 1 1 2 3 0 5 6 7 4
