0 0 0 7 4 2 5 0 6 3 1
0 3 5 7 4 2 0 5 6 3 1
0 4 5 7 4 2 1 5 6 3 0
0 4 5 7 4 0 2 5 6 3 1
0 5 4 7 4 3 2 5 6 0 1
0 6 4 7 4 3 2 5 6 1 0
0 7 4 7 4 3 0 5 6 1 2
0 9 4 0 4 3 2 5 6 1 7
0 9 4 0 4 3 7 5 6 1 2
0 10 4 7 4 3 1 5 6 0 2
0 10 4 4 0 3 2 5 6 1 7
0 11 4 2 4 3 0 5 6 1 7
0 10 4 4 0 3 7 5 6 1 2
0 12 4 2 4 3 7 5 6 1 0
0 11 4 7 4 3 1 5 6 2 0
0 12 4 2 4 3 7 5 6 1 0
0 14 4 2 4 3 1 5 6 0 7
0 15 3 2 4 3 1 5 6 7 0
0 16 3 2 4 3 0 5 6 7 1
0 18 3 0 4 3 1 5 6 7 2
0 20 2 1 4 3 0 5 6 7 2
0 21 2 1 4 3 2 5 6 7 0
0 18 3 0 4 3 2 5 6 7 1
0 19 3 4 0 3 1 5 6 7 2
0 21 3 1 4 0 3 5 6 7 2
0 23 3 1 4 3 7 5 6 0 2
0 23 3 1 4 3 5 0 6 7 2
0 22 3 1 4 3 2 5 6 0 7
0 23 3 1 4 3 2 0 6 7 5
0 24 3 1 4 0 2 5 6 7 3
0 24 3 0 4 3 2 5 6 7 1
0 19 3 4 0 3 2 5 6 7 1
0 22 3 1 0 4 3 5 6 7 2
0 24 3 1 4 3 7 5 6 2 0
0 25 3 1 4 3 5 2 6 7 0
0 26 3 1 0 3 5 4 6 7 2
0 26 3 1 0 3 2 4 6 7 5
0 26 3 1 4 3 0 2 6 7 5
0 25 3 1 0 4 2 5 6 7 3
0 25 3 1 4 2 0 5 6 7 3
0 25 3 4 0 3 2 5 6 7 1
0 25 3 1 4 3 0 5 6 2 7
0 26 3 1 4 3 0 2 6 7 5
0 26 3 1 4 2 3 5 6 7 0
0 13 4 2 4 3 7 5 6 0 1
0 12 4 7 4 3 0 5 6 2 1
0 14 4 0 4 3 1 5 6 2 7
0 13 4 2 4 3 7 5 6 0 1
0 17 4 2 4 3 1 0 6 7 5
0 18 4 2 4 0 1 5 6 7 3
0 17 4 2 4 0 3 5 6 7 1
0 19 4 2 4 3 7 5 6 0 1
0 19 4 2 4 3 5 0 6 7 1
0 19 4 5 4 3 1 0 6 7 2
0 21 4 6 4 3 1 5 0 7 2
0 19 4 5 4 3 2 0 6 7 1
0 21 4 6 4 3 2 5 0 7 1
0 20 4 4 6 3 1 5 0 7 2
0 20 4 4 3 0 1 5 6 7 2
0 22 4 1 4 7 3 5 6 0 2
0 24 4 1 4 0 7 5 6 3 2
0 24 4 1 4 3 7 5 0 6 2
0 24 4 0 4 3 5 1 6 7 2
0 24 4 1 4 3 5 6 0 7 2
0 23 4 1 4 0 2 5 6 3 7
0 23 4 1 4 3 2 5 0 6 7
0 24 4 0 4 3 2 1 6 7 5
0 24 4 1 4 3 2 6 0 7 5
0 25 4 1 4 7 2 5 6 0 3
0 25 4 5 4 3 2 0 6 7 1
0 27 4 6 4 3 2 5 0 7 1
0 20 4 4 6 3 2 5 0 7 1
0 20 4 4 3 0 2 5 6 7 1
0 23 4 1 6 4 3 5 0 7 2
0 23 4 0 1 4 3 5 6 7 2
0 26 4 1 4 3 7 0 6 2 5
0 27 4 1 4 0 7 5 6 2 3
0 27 4 0 4 3 7 5 6 2 1
0 26 4 1 4 3 5 2 6 0 7
0 28 4 1 4 0 5 2 6 7 3
0 28 4 0 4 3 5 2 6 7 1
0 27 4 1 6 3 5 4 0 7 2
0 27 4 0 1 3 5 4 6 7 2
0 27 4 1 3 0 5 4 6 7 2
0 27 4 1 6 3 2 4 0 7 5
0 27 4 0 1 3 2 4 6 7 5
0 27 4 1 3 0 2 4 6 7 5
0 27 4 1 4 0 3 2 6 7 5
0 28 4 0 4 3 1 2 6 7 5
0 29 4 1 4 3 7 2 6 0 5
0 26 4 1 6 4 2 5 0 7 3
0 26 4 0 1 4 2 5 6 7 3
0 27 4 0 4 2 1 5 6 7 3
0 28 4 1 4 2 7 5 6 0 3
0 28 4 1 4 2 5 0 6 7 3
0 26 4 4 6 3 2 5 0 7 1
0 26 4 4 3 0 2 5 6 7 1
0 26 4 1 4 0 3 5 6 2 7
0 27 4 0 4 3 1 5 6 2 7
0 28 4 1 4 3 5 0 6 2 7
0 27 4 1 4 0 3 2 6 7 5
0 28 4 0 4 3 1 2 6 7 5
0 29 4 1 4 3 7 2 6 0 5
0 27 4 1 4 2 3 5 6 0 7
0 28 4 1 4 2 3 0 6 7 5
0 29 4 0 4 2 3 5 6 7 1
0 14 4 0 4 3 7 5 6 2 1
0 15 4 4 0 3 1 5 6 2 7
0 18 4 0 4 3 1 2 6 7 5
0 20 4 2 0 3 1 4 6 7 5
0 21 3 0 2 3 1 4 6 7 5
0 23 2 1 2 3 0 4 6 7 5
0 26 1 1 2 3 4 0 6 7 5
