0 0 0 4 1 7 2 3 5 6 0
0 3 6 4 1 0 2 3 5 6 7
0 4 6 4 0 1 2 3 5 6 7
0 4 6 4 1 2 0 3 5 6 7
0 5 6 4 5 1 2 3 0 6 7
0 5 6 0 4 1 2 3 5 6 7
0 6 6 0 1 2 4 3 5 6 7
0 7 5 1 0 2 4 3 5 6 7
0 8 4 1 2 0 4 3 5 6 7
0 9 4 1 2 6 4 3 5 0 7
0 10 3 1 2 6 4 3 5 7 0
0 12 3 1 2 6 4 0 5 7 3
0 13 2 1 2 6 4 5 0 7 3
0 13 3 1 2 0 4 3 5 7 6
0 14 3 1 0 6 4 5 2 7 3
0 14 3 1 2 6 4 5 7 0 3
0 15 3 1 6 0 4 5 2 7 3
0 15 3 1 2 0 4 5 7 6 3
0 15 3 1 2 6 4 5 7 3 0
0 18 3 1 2 0 4 5 7 3 6
0 19 2 1 2 3 4 5 7 0 6
0 20 1 1 2 3 4 5 0 7 6
0 20 2 1 2 3 4 5 7 6 0
0 21 2 1 0 3 4 5 2 7 6
0 21 2 1 2 3 4 0 5 7 6
0 23 2 1 2 3 4 6 5 7 0
0 21 3 1 2 3 0 5 7 6 4
0 22 3 1 2 3 4 0 7 6 5
0 23 3 0 2 3 4 5 7 6 1
0 22 3 0 1 3 4 5 2 7 6
0 22 3 1 3 0 4 5 2 7 6
0 22 3 0 2 3 4 1 5 7 6
0 24 3 1 0 3 4 2 5 7 6
0 24 3 1 2 3 0 4 5 7 6
0 24 3 1 2 3 0 6 5 7 4
0 24 3 1 2 3 4 6 5 0 7
0 26 3 1 2 0 4 6 5 7 3
0 26 3 0 2 3 4 6 5 7 1
0 24 3 1 2 3 6 5 7 0 4
0 25 2 1 2 3 6 5 0 7 4
0 23 3 1 2 3 4 7 0 6 5
0 24 2 1 2 3 4 7 6 0 5
0 25 2 1 2 3 4 7 6 5 0
0 27 2 1 2 3 4 0 6 5 7
0 26 3 7 2 3 4 5 0 6 1
0 27 2 7 2 3 4 5 6 0 1
0 28 2 7 2 3 4 5 6 1 0
0 31 2 0 2 3 4 5 6 1 7
0 25 3 2 1 3 4 5 0 7 6
0 25 3 6 1 3 4 5 2 7 0
0 25 3 5 2 3 4 1 0 7 6
0 25 3 6 2 3 4 1 5 7 0
0 25 3 1 5 3 4 2 0 7 6
0 25 3 1 2 3 6 4 5 7 0
0 27 3 1 2 3 6 0 5 7 4
0 25 3 1 2 3 4 6 0 5 7
0 27 3 6 2 3 4 0 5 7 1
0 28 2 6 2 3 4 5 0 7 1
0 29 3 5 2 3 4 6 0 7 1
0 30 2 5 2 3 4 0 6 7 1
0 31 1 0 2 3 4 5 6 7 1
