0 0 0 2 6 1 5 4 0 3 7
0 1 6 2 0 1 5 4 6 3 7
0 2 5 0 2 1 5 4 6 3 7
0 3 5 4 2 1 5 0 6 3 7
0 6 4 4 2 1 0 5 6 3 7
0 8 3 0 2 1 4 5 6 3 7
0 11 3 7 2 1 4 5 6 3 0
0 12 3 7 2 1 4 5 6 0 3
0 14 3 7 2 0 4 5 6 3 1
0 15 2 7 2 3 4 5 6 0 1
0 16 2 7 2 3 4 5 6 1 0
0 19 2 0 2 3 4 5 6 1 7
0 13 3 7 2 0 4 5 6 1 3
0 16 3 7 2 3 4 5 0 6 1
0 17 3 7 2 3 0 5 6 1 4
0 18 3 7 2 3 4 0 6 1 5
0 19 3 7 2 0 4 5 6 1 3
0 20 3 5 2 3 4 0 6 1 7
0 20 3 2 0 3 4 5 6 1 7
0 21 3 4 2 3 0 5 6 1 7
0 22 3 6 2 3 4 5 0 1 7
0 19 3 0 2 3 7 5 6 1 4
0 20 3 7 2 3 1 5 6 0 4
0 19 3 0 2 3 4 7 6 1 5
0 22 3 5 2 3 4 7 6 1 0
0 22 3 4 2 3 7 5 6 1 0
0 24 3 4 2 3 1 5 6 0 7
0 25 2 4 2 3 1 5 6 7 0
0 26 2 4 2 3 0 5 6 7 1
0 28 1 0 2 3 4 5 6 7 1
