0 0 0 1 7 4 6 3 0 5 2
0 1 6 1 0 4 6 3 7 5 2
0 1 6 1 7 4 6 0 3 5 2
0 1 6 1 7 4 6 3 5 0 2
0 2 6 1 4 0 6 3 7 5 2
0 3 6 1 7 4 6 2 3 5 0
0 4 5 1 7 4 0 2 3 5 6
0 5 5 1 7 0 4 2 3 5 6
0 6 5 0 7 4 1 2 3 5 6
0 7 5 1 7 4 5 2 3 0 6
0 7 5 1 7 4 2 0 3 5 6
0 6 5 1 7 5 4 2 3 0 6
0 6 5 1 0 7 4 2 3 5 6
0 7 5 7 0 4 1 2 3 5 6
0 9 5 3 7 4 1 2 0 5 6
0 8 5 1 7 0 5 2 3 4 6
0 8 5 1 7 4 5 2 0 3 6
0 8 5 1 7 4 5 2 3 6 0
0 8 5 1 7 4 2 3 0 5 6
0 10 5 1 0 4 2 7 3 5 6
0 7 5 1 7 5 4 2 0 3 6
0 7 5 1 7 5 4 2 3 6 0
0 7 5 1 3 7 4 2 0 5 6
0 7 5 0 1 7 4 2 3 5 6
0 8 5 7 3 4 1 2 0 5 6
0 8 5 7 4 0 1 2 3 5 6
0 10 5 3 0 4 1 2 7 5 6
0 10 5 3 7 4 1 2 5 0 6
0 9 5 1 0 7 5 2 3 4 6
0 9 5 1 7 5 0 2 3 4 6
0 9 5 1 0 4 5 2 7 3 6
0 9 5 1 7 4 5 0 2 3 6
0 10 5 1 7 4 5 0 3 6 2
0 11 5 1 7 0 5 2 3 6 4
0 11 5 0 7 4 5 2 3 6 1
0 9 5 1 0 4 2 3 7 5 6
0 9 5 1 7 4 2 3 5 0 6
0 11 5 1 3 4 2 7 0 5 6
0 11 5 1 4 0 2 7 3 5 6
0 8 5 1 0 5 4 2 7 3 6
0 8 5 1 7 5 4 0 2 3 6
0 9 5 1 7 5 4 0 3 6 2
0 10 5 1 7 0 4 2 3 6 5
0 8 5 1 3 7 4 0 2 5 6
0 8 5 1 3 7 4 2 5 0 6
0 9 4 1 3 0 4 2 5 7 6
0 10 3 1 0 3 4 2 5 7 6
0 11 3 1 5 3 4 2 0 7 6
0 12 3 1 5 3 4 0 2 7 6
0 15 2 1 0 3 4 5 2 7 6
0 16 1 1 2 3 4 5 0 7 6
0 17 2 1 2 3 4 0 5 7 6
0 17 2 1 2 3 4 5 7 0 6
0 19 2 1 2 3 4 6 5 7 0
0 18 2 1 2 3 4 5 7 6 0
0 14 3 1 5 3 4 6 2 7 0
0 16 3 0 1 3 4 5 2 7 6
0 16 3 1 3 0 4 5 2 7 6
0 18 3 0 2 3 4 1 5 7 6
0 20 3 1 2 3 0 4 5 7 6
0 18 3 1 2 0 4 5 7 3 6
0 20 3 1 2 3 0 6 5 7 4
0 20 3 1 2 3 4 6 5 0 7
0 22 3 1 2 0 4 6 5 7 3
0 22 3 0 2 3 4 6 5 7 1
0 19 3 1 2 3 0 5 7 6 4
0 20 3 1 2 3 4 0 7 6 5
0 21 3 1 2 0 4 5 7 6 3
0 21 3 0 2 3 4 5 7 6 1
0 19 3 2 1 3 4 5 0 7 6
0 19 3 6 1 3 4 5 2 7 0
0 21 3 5 2 3 4 1 0 7 6
0 21 3 6 2 3 4 1 5 7 0
0 21 3 1 2 3 6 4 5 7 0
0 23 3 1 2 3 6 0 5 7 4
0 24 2 1 2 3 6 5 0 7 4
0 21 3 1 2 3 4 6 0 5 7
0 22 2 1 2 3 4 0 6 5 7
0 24 2 1 2 3 4 7 6 5 0
0 25 2 1 2 3 4 7 6 0 5
0 23 3 6 2 3 4 0 5 7 1
0 24 2 6 2 3 4 5 0 7 1
0 25 3 5 2 3 4 6 0 7 1
0 26 2 5 2 3 4 0 6 7 1
0 27 1 0 2 3 4 5 6 7 1
