0 0 0 5 2 0 7 6 4 1 3
0 1 6 5 2 1 7 6 4 0 3
0 1 6 5 2 7 0 6 4 1 3
0 2 6 5 2 1 7 6 0 4 3
0 3 5 5 2 1 7 0 6 4 3
0 4 4 0 2 1 7 5 6 4 3
0 6 4 7 2 1 0 5 6 4 3
0 9 3 7 2 1 4 5 6 0 3
0 10 3 7 2 0 4 5 6 1 3
0 10 3 7 2 1 4 5 6 3 0
0 13 3 7 2 0 4 5 6 3 1
0 14 2 7 2 3 4 5 6 0 1
0 15 2 7 2 3 4 5 6 1 0
0 18 2 0 2 3 4 5 6 1 7
0 13 3 0 2 1 4 5 6 3 7
0 15 3 7 2 3 4 5 0 6 1
0 16 3 7 2 3 0 5 6 1 4
0 17 3 7 2 3 4 0 6 1 5
0 19 3 5 2 3 4 0 6 1 7
0 19 3 2 0 3 4 5 6 1 7
0 20 3 4 2 3 0 5 6 1 7
0 21 3 6 2 3 4 5 0 1 7
0 18 3 0 2 3 7 5 6 1 4
0 19 3 7 2 3 1 5 6 0 4
0 18 3 0 2 3 4 7 6 1 5
0 21 3 5 2 3 4 7 6 1 0
0 21 3 4 2 3 7 5 6 1 0
0 23 3 4 2 3 1 5 6 0 7
0 24 2 4 2 3 1 5 6 7 0
0 25 2 4 2 3 0 5 6 7 1
0 27 1 0 2 3 4 5 6 7 1
