0 0 0 0 6 4 5 2 7 1 3
0 1 5 6 0 4 5 2 7 1 3
0 3 5 7 6 4 5 2 0 1 3
0 3 5 3 6 4 5 2 7 1 0
0 2 5 6 7 4 5 2 0 1 3
0 4 5 7 0 4 5 2 6 1 3
0 4 5 7 6 4 5 2 1 0 3
0 4 5 3 6 4 5 2 7 0 1
0 3 5 6 7 4 5 2 1 0 3
0 5 5 0 7 4 5 2 6 1 3
0 5 5 7 6 4 5 2 1 3 0
0 5 5 3 6 4 5 2 0 7 1
0 4 5 6 7 4 5 2 1 3 0
0 8 5 3 7 4 5 2 6 1 0
0 8 5 0 6 4 5 2 1 3 7
0 6 5 3 0 4 5 2 6 7 1
0 7 5 0 7 4 5 2 1 3 6
0 9 5 3 7 4 5 2 6 0 1
0 9 5 6 0 4 5 2 1 3 7
0 11 5 1 6 4 5 2 0 3 7
0 7 5 0 3 4 5 2 6 7 1
0 10 4 1 3 4 5 2 6 7 0
0 11 4 1 3 4 0 2 6 7 5
0 12 3 1 3 0 4 2 6 7 5
0 13 2 1 0 3 4 2 6 7 5
0 14 3 1 6 3 4 2 0 7 5
0 14 3 0 1 3 4 2 6 7 5
0 15 3 1 6 3 4 0 2 7 5
0 17 2 1 6 3 4 5 2 7 0
0 15 3 2 1 3 4 0 6 7 5
0 17 2 2 1 3 4 5 6 7 0
0 20 2 0 1 3 4 5 6 7 2
0 21 1 1 0 3 4 5 6 7 2
0 22 2 1 6 3 4 5 0 7 2
0 22 2 1 3 0 4 5 6 7 2
0 17 3 5 1 3 4 2 6 7 0
0 18 3 1 0 3 4 6 2 7 5
0 19 2 1 2 3 4 6 0 7 5
0 20 1 1 2 3 4 0 6 7 5
