0 0 0 2 1 4 6 0 7 5 3
0 1 6 0 1 4 6 2 7 5 3
0 2 6 1 0 4 6 2 7 5 3
0 3 6 6 1 4 0 2 7 5 3
0 6 5 6 1 4 5 2 7 0 3
0 7 5 6 1 4 5 2 0 7 3
0 7 5 6 1 4 5 2 7 3 0
0 8 5 6 0 4 5 2 1 7 3
0 10 5 0 1 4 5 2 7 3 6
0 9 5 0 6 4 5 2 1 7 3
0 11 5 1 0 4 5 2 7 3 6
0 12 5 5 1 4 0 2 7 3 6
0 13 5 7 1 4 5 2 0 3 6
0 12 5 1 6 4 5 2 0 7 3
0 13 4 1 0 4 5 2 6 7 3
0 14 4 1 4 0 5 2 6 7 3
0 15 4 1 4 5 0 2 6 7 3
0 16 4 1 4 5 3 2 6 7 0
0 18 4 1 4 5 2 0 6 7 3
0 18 4 1 4 5 3 0 6 7 2
0 19 4 1 4 0 3 2 6 7 5
0 20 3 1 4 3 0 2 6 7 5
0 21 3 1 4 3 5 2 6 7 0
0 23 3 1 4 3 2 0 6 7 5
0 25 2 1 4 3 2 5 6 7 0
0 26 2 1 4 3 0 5 6 7 2
0 23 3 1 4 3 5 0 6 7 2
0 26 3 1 0 3 2 4 6 7 5
0 26 3 1 4 3 2 5 6 0 7
0 28 3 1 4 0 2 5 6 7 3
0 28 3 0 4 3 2 5 6 7 1
0 27 3 1 4 0 3 5 6 7 2
0 28 3 0 4 3 1 5 6 7 2
0 29 3 1 4 3 7 5 6 0 2
0 29 3 1 4 3 5 0 6 7 2
0 26 3 1 0 3 5 4 6 7 2
0 29 3 1 0 4 2 5 6 7 3
0 29 3 1 4 2 0 5 6 7 3
0 29 3 4 0 3 2 5 6 7 1
0 30 3 2 4 3 0 5 6 7 1
0 28 3 1 0 4 3 5 6 7 2
0 29 3 4 0 3 1 5 6 7 2
0 31 3 2 4 3 1 5 6 7 0
0 30 3 1 4 3 7 5 6 2 0
0 32 3 1 0 3 5 4 6 7 2
0 30 3 1 4 2 3 5 6 7 0
0 31 3 2 4 3 1 5 6 7 0
0 31 3 1 4 3 0 5 6 2 7
0 20 4 1 4 5 2 3 6 7 0
0 21 4 1 0 5 2 4 6 7 3
0 21 4 1 0 5 3 4 6 7 2
0 21 4 1 4 5 0 3 6 7 2
0 20 4 1 0 4 3 2 6 7 5
0 22 4 0 4 3 1 2 6 7 5
0 23 4 1 4 3 7 2 6 0 5
0 22 4 1 4 3 5 2 6 0 7
0 24 4 0 4 3 5 2 6 7 1
0 24 4 0 4 3 2 1 6 7 5
0 24 4 1 4 3 2 6 0 7 5
0 24 4 0 4 3 5 1 6 7 2
0 24 4 1 4 3 5 6 0 7 2
0 27 4 1 6 3 2 4 0 7 5
0 27 4 0 1 3 2 4 6 7 5
0 27 4 1 3 0 2 4 6 7 5
0 27 4 1 4 0 2 5 6 3 7
0 27 4 1 4 3 2 5 0 6 7
0 29 4 1 4 7 2 5 6 0 3
0 29 4 5 4 3 2 0 6 7 1
0 31 4 6 4 3 2 5 0 7 1
0 28 4 1 4 7 3 5 6 0 2
0 29 4 5 4 3 1 0 6 7 2
0 31 4 6 4 3 1 5 0 7 2
0 30 4 1 4 0 7 5 6 3 2
0 30 4 1 4 3 7 5 0 6 2
0 30 4 0 4 3 5 1 6 7 2
0 30 4 1 4 3 5 6 0 7 2
0 27 4 1 6 3 5 4 0 7 2
0 27 4 0 1 3 5 4 6 7 2
0 27 4 1 3 0 5 4 6 7 2
0 30 4 1 6 4 2 5 0 7 3
0 30 4 0 1 4 2 5 6 7 3
0 31 4 0 4 2 1 5 6 7 3
0 32 4 1 4 2 7 5 6 0 3
0 32 4 1 4 2 5 0 6 7 3
0 30 4 4 6 3 2 5 0 7 1
0 30 4 4 3 0 2 5 6 7 1
0 31 4 2 4 0 3 5 6 7 1
0 33 4 2 4 3 7 5 6 0 1
0 33 4 2 4 3 5 0 6 7 1
0 29 4 1 6 4 3 5 0 7 2
0 29 4 0 1 4 3 5 6 7 2
0 30 4 4 6 3 1 5 0 7 2
0 30 4 4 3 0 1 5 6 7 2
0 32 4 2 4 3 1 5 6 0 7
0 33 4 2 4 3 1 0 6 7 5
0 34 4 2 4 0 1 5 6 7 3
0 32 4 1 4 3 7 0 6 2 5
0 33 4 1 4 0 7 5 6 2 3
0 33 4 0 4 3 7 5 6 2 1
0 33 4 1 6 3 5 4 0 7 2
0 33 4 0 1 3 5 4 6 7 2
0 33 4 1 3 0 5 4 6 7 2
0 31 4 1 4 2 3 5 6 0 7
0 32 4 1 4 2 3 0 6 7 5
0 33 4 0 4 2 3 5 6 7 1
0 32 4 2 4 3 1 5 6 0 7
0 33 4 2 4 3 1 0 6 7 5
0 34 4 2 4 0 1 5 6 7 3
0 32 4 1 4 0 3 5 6 2 7
0 33 4 0 4 3 1 5 6 2 7
0 34 4 1 4 3 5 0 6 2 7
0 21 4 1 4 5 0 3 6 7 2
0 23 4 1 4 0 2 3 6 7 5
0 22 4 1 5 0 2 4 6 7 3
0 22 4 1 5 0 3 4 6 7 2
0 23 3 1 5 3 0 4 6 7 2
0 26 2 1 5 3 4 0 6 7 2
0 29 1 1 0 3 4 5 6 7 2
0 28 2 1 5 3 4 2 6 7 0
0 30 2 1 6 3 4 5 0 7 2
0 30 2 0 1 3 4 5 6 7 2
0 30 2 1 3 0 4 5 6 7 2
0 33 2 2 1 3 4 5 6 7 0
0 24 3 1 5 3 2 4 6 7 0
0 27 3 0 5 3 4 1 6 7 2
0 27 3 1 5 3 4 6 0 7 2
0 29 3 1 5 3 0 2 6 7 4
0 29 3 1 5 3 4 2 6 0 7
0 31 3 1 5 0 4 2 6 7 3
0 31 3 0 5 3 4 2 6 7 1
0 31 3 1 6 3 4 0 5 7 2
0 31 3 1 6 3 4 5 7 0 2
0 31 3 5 1 3 4 0 6 7 2
0 32 3 4 1 3 0 5 6 7 2
0 33 3 6 1 3 4 5 0 7 2
0 31 3 1 3 7 4 5 6 0 2
0 31 3 1 3 4 0 5 6 7 2
0 34 3 2 1 3 0 5 6 7 4
0 34 3 2 1 3 4 5 6 0 7
0 35 3 2 1 3 4 0 6 7 5
0 36 3 2 1 0 4 5 6 7 3
0 26 3 1 5 3 2 0 6 7 4
0 29 2 1 0 3 2 5 6 7 4
0 28 3 5 0 3 4 1 6 7 2
0 30 3 2 5 3 4 1 6 7 0
0 28 3 1 0 3 4 6 5 7 2
0 32 3 1 5 3 2 0 6 7 4
0 32 3 1 0 5 4 2 6 7 3
0 32 3 2 5 3 4 0 6 7 1
0 35 2 2 0 3 4 5 6 7 1
0 36 1 0 2 3 4 5 6 7 1
