0 0 0 1 0 3 6 5 2 7 4
5 1 4 1 2 3 6 5 0 7 4
8 2 6 1 2 3 6 0 5 7 4
8 2 6 1 2 3 6 5 7 0 4
9 1 8 0 1 3 6 5 2 7 4
9 1 8 1 3 0 6 5 2 7 4
9 3 6 1 2 3 6 5 7 4 0
10 4 6 1 2 3 6 4 5 7 0
10 2 8 1 3 6 0 5 2 7 4
9 3 6 1 3 6 4 5 2 7 0
10 4 6 1 2 3 0 5 7 4 6
11 3 8 0 2 3 6 1 5 7 4
11 5 6 1 2 3 0 6 5 7 4
10 6 4 1 2 3 4 6 5 7 0
11 3 8 1 2 0 6 5 7 3 4
11 3 8 6 1 3 0 5 2 7 4
10 4 6 6 1 3 4 5 2 7 0
11 5 6 1 2 3 0 4 5 7 6
11 7 4 1 2 3 4 5 7 0 6
10 8 2 1 2 3 4 5 0 7 6
12 2 10 5 1 3 6 0 2 7 4
12 4 8 2 1 3 6 5 0 7 4
12 4 8 4 1 3 6 5 2 7 0
12 2 10 1 3 7 6 5 2 0 4
12 4 8 1 3 6 4 5 2 0 7
12 6 6 1 3 0 4 5 2 7 6
11 7 4 1 0 3 4 5 2 7 6
11 7 4 1 0 3 4 5 2 7 6
12 8 4 1 2 3 4 0 5 7 6
12 4 8 1 2 6 0 5 7 3 4
11 5 6 1 2 6 4 5 7 3 0
12 8 4 1 2 3 4 0 5 7 6
12 8 4 1 2 3 4 5 7 6 0
12 6 6 1 2 6 4 5 7 0 3
11 7 4 1 2 6 4 5 0 7 3
13 5 8 1 0 3 6 2 5 7 4
13 5 8 1 2 3 6 0 7 4 5
13 5 8 1 2 3 6 4 5 0 7
13 5 8 1 3 6 4 0 2 7 5
13 5 8 1 2 0 3 5 7 4 6
13 5 8 6 2 3 0 1 5 7 4
12 6 6 6 2 3 4 1 5 7 0
13 7 6 1 2 3 4 6 5 0 7
13 5 8 6 1 3 4 5 2 0 7
13 7 6 0 1 3 4 5 2 7 6
13 3 10 5 1 3 6 2 0 7 4
13 5 8 2 0 3 6 5 1 7 4
12 6 6 0 2 3 6 5 1 7 4
13 5 8 4 1 3 0 5 2 7 6
13 3 10 1 3 7 6 5 0 2 4
13 3 10 1 3 7 6 5 2 4 0
13 5 8 1 3 0 4 5 2 6 7
12 6 6 1 0 3 4 5 2 6 7
9 7 2 1 2 3 4 5 0 6 7
9 8 1 1 2 3 4 5 6 0 7
