0 0 0 1 0 3 6 5 2 7 4
0 1 4 1 2 3 6 5 0 7 4
0 2 6 1 2 3 6 0 5 7 4
0 2 6 1 2 3 6 5 7 0 4
0 4 6 1 2 3 6 4 5 7 0
0 5 6 1 2 3 0 6 5 7 4
0 6 4 1 2 3 4 6 5 7 0
0 8 4 1 2 3 4 0 5 7 6
0 9 2 1 2 3 4 5 0 7 6
0 10 4 1 0 3 4 5 2 7 6
0 10 4 1 2 3 4 5 7 0 6
0 11 4 1 2 3 4 5 7 6 0
0 3 6 1 2 3 6 5 7 4 0
0 5 6 1 2 3 0 4 5 7 6
0 7 6 1 2 3 4 6 5 0 7
0 9 6 1 2 0 4 6 5 7 3
0 9 6 0 2 3 4 6 5 7 1
0 9 6 0 2 3 4 1 5 7 6
0 11 6 1 0 3 4 2 5 7 6
0 11 6 1 2 3 0 4 5 7 6
0 11 6 0 1 3 4 5 2 7 6
0 11 6 1 3 0 4 5 2 7 6
0 11 6 1 2 0 4 5 7 3 6
0 12 6 1 2 3 0 5 7 6 4
0 13 6 1 2 3 4 0 7 6 5
0 14 6 1 2 0 4 5 7 6 3
0 14 6 0 2 3 4 5 7 6 1
0 4 6 1 2 3 0 5 7 4 6
0 8 6 1 2 3 4 6 0 5 7
0 9 4 1 2 3 4 0 6 5 7
0 11 4 1 2 3 4 7 6 5 0
0 12 4 1 2 3 4 7 6 0 5
0 10 6 6 2 3 4 0 5 7 1
0 11 4 6 2 3 4 5 0 7 1
0 12 6 5 2 3 4 6 0 7 1
0 13 4 5 2 3 4 0 6 7 1
0 14 2 0 2 3 4 5 6 7 1
