0 0 0 2 7 6 4 0 5 1 3
0 1 5 2 7 6 4 5 0 1 3
0 2 5 2 0 6 4 5 7 1 3
0 3 4 0 2 6 4 5 7 1 3
0 6 4 7 2 6 4 5 0 1 3
0 6 4 3 2 6 4 5 7 1 0
0 7 4 7 2 6 4 5 1 0 3
0 7 4 3 2 6 4 5 7 0 1
0 8 3 3 2 6 4 5 0 7 1
0 9 4 3 2 0 4 5 7 1 6
0 8 4 7 2 0 4 5 1 6 3
0 8 4 7 2 6 4 5 1 3 0
0 8 4 3 2 0 4 5 7 6 1
0 9 4 3 0 6 4 5 2 7 1
0 9 4 3 2 6 4 0 5 7 1
0 10 4 3 2 1 4 5 7 0 6
0 11 3 3 2 1 4 5 0 7 6
0 11 4 7 2 0 4 5 1 3 6
0 12 3 7 2 3 4 5 1 0 6
0 13 3 7 2 3 4 5 0 1 6
0 13 3 7 2 3 4 5 1 6 0
0 16 3 0 2 3 4 5 1 6 7
0 19 2 1 2 3 4 5 0 6 7
0 20 1 1 2 3 4 5 6 0 7
