0 0 0 0 5 1 3 2 6 4 7
0 1 6 2 5 1 3 0 6 4 7
0 4 5 2 0 1 3 5 6 4 7
0 5 4 0 2 1 3 5 6 4 7
0 7 4 3 2 1 0 5 6 4 7
0 10 3 3 2 1 4 5 6 0 7
0 11 2 3 2 1 4 5 6 7 0
0 14 2 3 2 0 4 5 6 7 1
0 14 2 0 2 1 4 5 6 7 3
0 11 3 3 2 0 4 5 6 1 7
0 12 3 3 2 1 0 5 6 7 4
0 13 3 3 2 1 4 0 6 7 5
0 15 3 3 2 7 4 5 6 0 1
0 15 3 3 0 2 4 5 6 7 1
0 15 3 3 2 4 0 5 6 7 1
0 15 3 5 2 1 4 0 6 7 3
0 15 3 2 0 1 4 5 6 7 3
0 16 3 4 2 1 0 5 6 7 3
0 17 3 6 2 1 4 5 0 7 3
0 13 3 3 2 0 1 5 6 7 4
0 14 3 0 2 1 3 5 6 7 4
0 14 3 0 2 1 4 3 6 7 5
0 16 3 3 2 7 4 5 6 1 0
0 16 3 0 3 2 4 5 6 7 1
0 19 2 1 3 2 4 5 6 7 0
0 22 2 1 3 0 4 5 6 7 2
0 23 1 1 0 3 4 5 6 7 2
0 24 2 1 6 3 4 5 0 7 2
0 24 2 0 1 3 4 5 6 7 2
0 27 2 2 1 3 4 5 6 7 0
0 16 3 3 2 4 1 5 6 7 0
0 17 3 0 2 4 3 5 6 7 1
0 20 2 1 2 4 3 5 6 7 0
0 21 2 1 2 4 0 5 6 7 3
0 22 1 1 2 0 4 5 6 7 3
0 23 2 1 2 0 3 5 6 7 4
0 24 1 1 2 3 0 5 6 7 4
