0 0 0 1 5 4 6 0 3 7 2
0 3 4 1 0 4 6 5 3 7 2
0 4 4 1 3 4 6 5 0 7 2
0 4 4 1 4 0 6 5 3 7 2
0 5 4 1 4 6 0 5 3 7 2
0 6 4 1 4 6 2 5 3 7 0
0 9 4 1 4 0 2 5 3 7 6
0 10 4 1 0 4 2 5 3 7 6
0 10 4 1 4 2 0 5 3 7 6
0 11 4 1 3 4 2 5 0 7 6
0 11 4 1 4 2 6 5 3 7 0
0 1 5 1 5 4 6 3 0 7 2
0 2 5 1 5 4 6 2 3 7 0
0 3 5 1 5 4 0 6 3 7 2
0 4 4 1 5 0 4 6 3 7 2
0 5 4 1 0 5 4 6 3 7 2
0 6 4 1 3 5 4 6 0 7 2
0 7 3 1 3 5 4 0 6 7 2
0 9 3 1 3 5 4 2 6 7 0
0 10 3 1 0 5 4 3 6 7 2
0 12 3 1 3 0 4 2 6 7 5
0 13 2 1 0 3 4 2 6 7 5
0 11 3 1 5 0 4 3 6 7 2
0 14 3 1 6 3 4 2 0 7 5
0 14 3 0 1 3 4 2 6 7 5
0 15 3 1 6 3 4 0 2 7 5
0 17 2 1 6 3 4 5 2 7 0
0 15 3 2 1 3 4 0 6 7 5
0 17 2 2 1 3 4 5 6 7 0
0 20 2 0 1 3 4 5 6 7 2
0 21 1 1 0 3 4 5 6 7 2
0 22 2 1 6 3 4 5 0 7 2
0 22 2 1 3 0 4 5 6 7 2
0 17 3 5 1 3 4 2 6 7 0
0 18 3 1 0 3 4 6 2 7 5
0 19 2 1 2 3 4 6 0 7 5
0 20 1 1 2 3 4 0 6 7 5
