0 0 0 7 6 0 2 4 1 5 3
0 1 7 7 6 5 2 4 1 0 3
0 1 7 7 0 6 2 4 1 5 3
0 1 7 7 6 2 0 4 1 5 3
0 4 6 7 6 2 4 0 1 5 3
0 5 6 0 6 2 4 7 1 5 3
0 8 5 1 6 2 4 7 0 5 3
0 9 4 1 0 2 4 7 6 5 3
0 10 3 1 2 0 4 7 6 5 3
0 11 3 1 2 5 4 7 6 0 3
0 12 3 1 2 5 4 7 6 3 0
0 14 3 1 2 5 4 0 6 3 7
0 15 3 1 2 0 4 7 6 3 5
0 16 2 1 2 3 4 7 6 0 5
0 17 2 1 2 3 4 7 6 5 0
0 19 2 1 2 3 4 0 6 5 7
0 17 3 1 2 3 4 7 0 6 5
0 18 3 1 2 3 0 7 6 5 4
0 20 3 0 2 3 4 7 6 5 1
0 20 3 0 2 3 4 1 6 5 7
0 20 3 1 2 3 4 6 0 5 7
0 22 3 1 0 3 4 2 6 5 7
0 22 3 1 2 3 0 4 6 5 7
0 18 3 1 2 3 4 0 7 6 5
0 20 2 1 2 3 4 5 7 6 0
0 21 2 1 2 3 4 5 7 0 6
0 22 1 1 2 3 4 5 0 7 6
0 23 2 1 0 3 4 5 2 7 6
0 23 2 1 2 3 4 0 5 7 6
0 25 2 1 2 3 4 6 5 7 0
0 21 3 1 2 3 5 7 6 0 4
0 21 3 1 2 3 7 0 6 5 4
0 21 3 7 2 3 4 0 6 5 1
0 23 3 7 2 3 4 1 6 5 0
0 21 3 1 2 3 4 6 5 0 7
0 23 3 1 2 3 7 4 6 5 0
0 25 3 1 2 3 5 4 6 0 7
0 26 2 1 2 3 5 4 6 7 0
0 27 2 1 2 3 0 4 6 7 5
0 30 1 1 2 3 4 0 6 7 5
