0 0 0 7 2 1 6 3 4 0 5
0 1 6 7 2 0 6 3 4 1 5
0 1 6 7 2 1 6 3 0 4 5
0 1 6 7 2 1 6 3 4 5 0
0 2 5 7 2 1 0 3 4 5 6
0 3 5 7 2 0 1 3 4 5 6
0 4 5 0 2 1 7 3 4 5 6
0 5 5 7 2 1 3 0 4 5 6
0 4 5 7 0 2 1 3 4 5 6
0 5 5 3 2 1 7 0 4 5 6
0 5 5 2 0 1 7 3 4 5 6
0 6 5 0 2 1 3 7 4 5 6
0 8 5 7 0 1 3 2 4 5 6
0 5 5 0 7 2 1 3 4 5 6
0 8 5 3 0 1 7 2 4 5 6
0 8 5 3 2 1 0 7 4 5 6
0 6 5 2 1 0 7 3 4 5 6
0 7 5 2 0 1 3 7 4 5 6
0 8 5 3 2 1 0 7 4 5 6
0 9 5 7 4 1 3 2 0 5 6
0 9 5 0 7 1 3 2 4 5 6
0 9 5 7 1 0 3 2 4 5 6
0 6 5 3 7 2 1 0 4 5 6
0 7 5 1 7 2 0 3 4 5 6
0 9 5 3 4 1 7 2 0 5 6
0 9 5 0 3 1 7 2 4 5 6
0 9 5 3 1 0 7 2 4 5 6
0 9 5 3 2 0 1 7 4 5 6
0 7 5 2 1 7 0 3 4 5 6
0 8 5 2 1 0 3 7 4 5 6
0 9 5 3 2 0 1 7 4 5 6
0 10 5 2 7 1 3 0 4 5 6
0 11 5 3 7 1 0 2 4 5 6
0 12 5 4 7 1 3 2 0 5 6
0 10 5 7 1 3 0 2 4 5 6
0 9 5 3 0 2 1 7 4 5 6
0 9 5 3 7 2 0 1 4 5 6
0 8 5 1 7 0 2 3 4 5 6
0 10 5 1 7 2 3 0 4 5 6
0 10 5 2 3 1 7 0 4 5 6
0 11 5 7 3 1 0 2 4 5 6
0 12 5 4 3 1 7 2 0 5 6
0 10 5 3 1 7 0 2 4 5 6
0 10 5 3 0 2 1 7 4 5 6
0 9 5 0 1 7 2 3 4 5 6
0 10 5 2 1 7 3 0 4 5 6
0 9 5 2 1 3 0 7 4 5 6
0 10 5 3 0 2 1 7 4 5 6
0 13 5 2 7 1 0 3 4 5 6
0 12 5 3 7 0 1 2 4 5 6
0 14 5 3 7 1 2 0 4 5 6
0 13 5 4 0 1 3 2 7 5 6
0 12 5 0 1 3 7 2 4 5 6
0 13 5 7 1 3 2 0 4 5 6
0 10 5 0 3 2 1 7 4 5 6
0 10 5 3 7 0 2 1 4 5 6
0 11 5 0 7 2 3 1 4 5 6
0 9 5 1 0 7 2 3 4 5 6
0 11 5 0 7 2 3 1 4 5 6
0 11 5 1 7 2 3 4 0 5 6
0 13 5 1 0 2 3 7 4 5 6
0 11 5 2 3 1 7 4 0 5 6
0 13 5 2 3 1 0 7 4 5 6
0 12 5 7 3 0 1 2 4 5 6
0 14 5 7 3 1 2 0 4 5 6
0 13 5 4 0 1 7 2 3 5 6
0 13 5 4 3 1 7 0 2 5 6
0 12 5 0 1 7 3 2 4 5 6
0 13 5 3 1 7 2 0 4 5 6
0 11 5 0 3 2 1 7 4 5 6
0 10 5 3 1 7 2 0 4 5 6
0 10 5 1 0 7 2 3 4 5 6
0 11 5 0 1 7 3 2 4 5 6
0 13 5 2 0 7 3 1 4 5 6
0 11 5 0 1 3 2 7 4 5 6
0 12 5 2 1 3 7 0 4 5 6
0 11 5 0 3 2 1 7 4 5 6
0 14 5 2 7 0 1 3 4 5 6
0 15 5 0 7 1 2 3 4 5 6
0 13 5 3 0 7 1 2 4 5 6
0 15 5 0 7 1 2 3 4 5 6
0 17 5 3 0 1 2 7 4 5 6
0 14 5 0 4 1 3 2 7 5 6
0 14 5 4 1 0 3 2 7 5 6
0 13 5 2 1 3 7 0 4 5 6
0 13 5 1 0 3 7 2 4 5 6
0 15 5 4 1 3 7 2 0 5 6
0 14 5 0 1 3 2 7 4 5 6
0 16 5 7 0 3 2 1 4 5 6
0 11 5 7 3 2 1 0 4 5 6
0 12 5 1 3 2 0 7 4 5 6
0 13 5 4 3 2 1 7 0 5 6
0 11 5 3 0 7 2 1 4 5 6
0 12 5 7 0 2 3 1 4 5 6
0 10 5 1 4 7 2 3 0 5 6
0 12 5 7 0 2 3 1 4 5 6
0 12 5 1 0 2 3 4 7 5 6
0 14 5 1 4 2 3 7 0 5 6
0 14 5 0 1 2 3 7 4 5 6
0 14 5 1 2 0 3 7 4 5 6
0 15 4 1 2 3 0 7 4 5 6
0 16 4 1 2 3 6 7 4 5 0
0 18 4 1 2 3 5 7 4 0 6
0 18 4 1 2 3 7 0 4 5 6
0 17 4 1 2 3 6 7 4 0 5
0 18 4 1 2 3 6 0 4 5 7
0 19 4 1 2 3 5 7 0 4 6
0 19 4 1 2 3 5 7 4 6 0
0 19 4 1 2 3 7 4 0 5 6
0 20 4 1 2 3 7 6 4 5 0
0 18 4 1 2 3 6 7 0 4 5
0 19 4 1 2 3 6 4 0 5 7
0 21 4 1 2 3 0 6 4 5 7
0 20 4 1 2 3 5 0 7 4 6
0 23 3 1 2 3 0 5 7 4 6
0 26 2 1 2 3 4 5 7 0 6
0 27 1 1 2 3 4 5 0 7 6
0 27 2 1 2 3 4 5 7 6 0
0 28 2 1 0 3 4 5 2 7 6
0 28 2 1 2 3 4 0 5 7 6
0 30 2 1 2 3 4 6 5 7 0
0 24 3 1 2 3 6 5 7 4 0
0 27 3 1 2 0 4 5 7 3 6
0 28 3 1 2 3 0 5 7 6 4
0 29 3 1 2 3 4 0 7 6 5
0 30 3 1 2 0 4 5 7 6 3
0 30 3 0 2 3 4 5 7 6 1
0 29 3 0 1 3 4 5 2 7 6
0 29 3 1 3 0 4 5 2 7 6
0 29 3 0 2 3 4 1 5 7 6
0 31 3 1 0 3 4 2 5 7 6
0 31 3 1 2 3 0 4 5 7 6
0 31 3 1 2 3 0 6 5 7 4
0 31 3 1 2 3 4 6 5 0 7
0 33 3 1 2 0 4 6 5 7 3
0 33 3 0 2 3 4 6 5 7 1
0 25 3 1 2 3 6 5 7 0 4
0 26 2 1 2 3 6 5 0 7 4
0 31 3 1 2 3 6 5 7 0 4
0 30 3 1 2 3 4 7 0 6 5
0 31 2 1 2 3 4 7 6 0 5
0 32 2 1 2 3 4 7 6 5 0
0 34 2 1 2 3 4 0 6 5 7
0 31 3 1 2 6 4 5 7 0 3
0 32 2 1 2 6 4 5 0 7 3
0 33 3 7 2 3 4 5 0 6 1
0 34 2 7 2 3 4 5 6 0 1
0 35 2 7 2 3 4 5 6 1 0
0 38 2 0 2 3 4 5 6 1 7
0 32 3 2 1 3 4 5 0 7 6
0 32 3 6 1 3 4 5 2 7 0
0 32 3 5 2 3 4 1 0 7 6
0 32 3 6 2 3 4 1 5 7 0
0 32 3 1 5 3 4 2 0 7 6
0 32 3 1 2 3 6 4 5 7 0
0 34 3 1 2 3 6 0 5 7 4
0 32 3 1 2 3 4 6 0 5 7
0 34 3 6 2 3 4 0 5 7 1
0 35 2 6 2 3 4 5 0 7 1
0 36 3 5 2 3 4 6 0 7 1
0 37 2 5 2 3 4 0 6 7 1
0 38 1 0 2 3 4 5 6 7 1
