0 0 0 3 7 5 0 4 2 6 1
0 3 6 3 7 5 6 4 2 0 1
0 3 6 3 7 5 4 0 2 6 1
0 4 6 3 7 5 6 4 0 2 1
0 4 6 3 7 5 6 4 2 1 0
0 4 6 0 7 5 4 3 2 6 1
0 7 5 1 7 5 4 3 2 6 0
0 8 5 1 7 5 4 3 2 0 6
0 9 5 1 7 5 4 0 2 6 3
0 10 5 1 7 0 4 3 2 6 5
0 9 5 1 7 0 4 3 2 5 6
0 9 5 1 7 5 4 3 0 2 6
0 10 5 1 7 5 4 2 0 6 3
0 11 4 1 7 5 4 2 6 0 3
0 12 4 1 7 0 4 2 6 5 3
0 12 4 1 7 5 4 2 6 3 0
0 13 4 1 0 7 4 2 6 5 3
0 14 4 1 7 5 4 0 6 3 2
0 15 4 1 7 0 4 2 6 3 5
0 16 3 1 7 3 4 2 6 0 5
0 17 3 1 7 3 4 2 6 5 0
0 19 3 1 7 3 4 0 6 5 2
0 22 3 1 0 3 4 7 6 5 2
0 17 4 1 0 5 4 7 6 3 2
0 16 4 1 0 7 4 2 6 3 5
0 17 4 1 7 3 4 2 0 6 5
0 18 4 1 7 3 0 2 6 5 4
0 20 4 0 7 3 4 2 6 5 1
0 20 4 0 7 3 4 1 6 5 2
0 20 4 1 7 3 4 6 0 5 2
0 22 4 1 7 3 0 4 6 5 2
0 23 4 1 6 3 4 7 0 5 2
0 23 4 0 1 3 4 7 6 5 2
0 23 4 1 3 0 4 7 6 5 2
0 18 4 1 5 0 4 7 6 3 2
0 19 3 1 5 3 4 7 6 0 2
0 20 3 1 5 3 4 7 6 2 0
0 22 3 1 5 3 4 0 6 2 7
0 25 2 1 0 3 4 5 6 2 7
0 26 3 1 6 3 4 5 0 2 7
0 26 3 0 1 3 4 5 6 2 7
0 26 3 1 3 0 4 5 6 2 7
0 27 3 1 6 3 4 5 2 0 7
0 28 2 1 6 3 4 5 2 7 0
0 29 3 7 1 3 4 5 6 2 0
0 27 3 1 3 2 4 5 6 0 7
0 28 2 1 3 2 4 5 6 7 0
0 31 2 1 3 0 4 5 6 7 2
0 32 1 1 0 3 4 5 6 7 2
0 33 2 1 6 3 4 5 0 7 2
0 33 2 0 1 3 4 5 6 7 2
0 36 2 2 1 3 4 5 6 7 0
0 29 3 1 6 3 0 5 2 7 4
0 30 3 1 6 3 4 0 2 7 5
0 31 3 1 6 0 4 5 2 7 3
0 31 3 0 6 3 4 5 2 7 1
0 30 3 7 1 3 4 5 6 0 2
0 29 3 1 3 2 0 5 6 7 4
0 30 3 1 3 2 4 0 6 7 5
0 31 3 0 3 2 4 5 6 7 1
0 32 3 1 3 7 4 5 6 0 2
0 32 3 1 3 4 0 5 6 7 2
0 34 3 1 6 3 4 0 5 7 2
0 34 3 1 6 3 4 5 7 0 2
0 34 3 5 1 3 4 0 6 7 2
0 35 3 4 1 3 0 5 6 7 2
0 36 3 6 1 3 4 5 0 7 2
0 37 3 2 1 3 0 5 6 7 4
0 37 3 2 1 3 4 5 6 0 7
0 38 3 2 1 3 4 0 6 7 5
0 39 3 2 1 0 4 5 6 7 3
0 31 3 1 6 3 4 2 0 7 5
0 32 2 1 0 3 4 2 6 7 5
0 33 3 1 0 3 4 6 2 7 5
0 34 2 1 2 3 4 6 0 7 5
0 35 1 1 2 3 4 0 6 7 5
