0 0 0 5 7 2 1 6 4 3 0
0 1 7 5 7 2 0 6 4 3 1
0 4 6 5 7 2 6 0 4 3 1
0 5 6 0 7 2 6 5 4 3 1
0 8 5 1 7 2 6 5 4 3 0
0 9 5 1 7 2 0 5 4 3 6
0 9 5 1 7 2 6 5 4 0 3
0 11 5 1 7 0 6 5 4 3 2
0 12 4 1 7 3 6 5 4 0 2
0 13 4 1 7 3 6 5 0 4 2
0 13 4 1 7 3 6 5 4 2 0
0 14 4 1 0 3 6 5 7 4 2
0 14 4 1 7 3 0 5 4 2 6
0 17 4 1 7 3 2 5 4 0 6
0 18 4 1 7 3 2 5 0 4 6
0 18 4 1 7 3 2 5 4 6 0
0 19 4 1 0 3 2 5 7 4 6
0 19 4 1 7 3 0 5 4 6 2
0 10 5 1 7 0 2 5 4 3 6
0 12 5 1 7 2 3 5 4 0 6
0 10 5 1 7 0 6 5 4 2 3
0 10 5 1 7 2 6 5 0 4 3
0 12 5 1 0 7 6 5 4 3 2
0 12 5 1 7 6 0 5 4 3 2
0 14 5 1 7 3 6 0 5 4 2
0 15 5 1 7 3 6 0 4 2 5
0 16 5 1 7 0 6 5 4 2 3
0 16 5 0 7 3 6 5 4 2 1
0 15 5 0 1 3 6 5 7 4 2
0 15 5 1 3 0 6 5 7 4 2
0 15 5 1 7 0 3 5 4 2 6
0 16 5 0 7 3 1 5 4 2 6
0 17 5 1 7 3 5 0 4 2 6
0 18 5 1 7 0 2 5 4 3 6
0 19 5 1 7 3 2 0 5 4 6
0 20 5 1 7 3 2 0 4 6 5
0 21 5 1 7 0 2 5 4 6 3
0 21 5 0 7 3 2 5 4 6 1
0 20 5 0 1 3 2 5 7 4 6
0 20 5 1 3 0 2 5 7 4 6
0 20 5 1 7 0 3 5 4 6 2
0 21 5 0 7 3 1 5 4 6 2
0 22 5 1 7 3 5 0 4 6 2
0 11 5 1 0 7 2 5 4 3 6
0 13 5 1 7 0 3 5 4 2 6
0 13 5 1 7 2 3 5 0 4 6
0 13 5 1 7 2 3 5 4 6 0
0 11 5 1 0 7 6 5 4 2 3
0 11 5 1 7 6 0 5 4 2 3
0 11 5 1 0 2 6 5 7 4 3
0 12 4 1 2 0 6 5 7 4 3
0 13 4 1 2 4 6 5 7 0 3
0 14 3 1 2 4 6 5 0 7 3
0 13 4 1 2 6 0 5 7 4 3
0 16 3 1 2 6 4 5 7 0 3
0 17 2 1 2 6 4 5 0 7 3
0 17 3 1 2 0 4 5 7 6 3
0 17 3 1 2 6 4 5 7 3 0
0 18 3 1 0 6 4 5 2 7 3
0 18 3 1 2 6 4 0 5 7 3
0 20 3 1 2 0 4 5 7 3 6
0 21 2 1 2 3 4 5 7 0 6
0 22 1 1 2 3 4 5 0 7 6
0 22 2 1 2 3 4 5 7 6 0
0 23 2 1 0 3 4 5 2 7 6
0 23 2 1 2 3 4 0 5 7 6
0 25 2 1 2 3 4 6 5 7 0
0 19 3 1 6 0 4 5 2 7 3
0 20 3 1 2 6 4 3 5 7 0
0 23 3 1 2 3 0 5 7 6 4
0 24 3 1 2 3 4 0 7 6 5
0 25 3 0 2 3 4 5 7 6 1
0 24 3 0 1 3 4 5 2 7 6
0 24 3 1 3 0 4 5 2 7 6
0 24 3 0 2 3 4 1 5 7 6
0 26 3 1 0 3 4 2 5 7 6
0 26 3 1 2 3 0 4 5 7 6
0 26 3 1 2 3 0 6 5 7 4
0 26 3 1 2 3 4 6 5 0 7
0 28 3 1 2 0 4 6 5 7 3
0 28 3 0 2 3 4 6 5 7 1
0 23 3 1 2 0 4 3 5 7 6
0 26 3 1 2 3 6 5 7 0 4
0 27 2 1 2 3 6 5 0 7 4
0 25 3 1 2 3 4 7 0 6 5
0 26 2 1 2 3 4 7 6 0 5
0 27 2 1 2 3 4 7 6 5 0
0 29 2 1 2 3 4 0 6 5 7
0 28 3 7 2 3 4 5 0 6 1
0 29 2 7 2 3 4 5 6 0 1
0 30 2 7 2 3 4 5 6 1 0
0 33 2 0 2 3 4 5 6 1 7
0 27 3 2 1 3 4 5 0 7 6
0 27 3 6 1 3 4 5 2 7 0
0 27 3 5 2 3 4 1 0 7 6
0 27 3 6 2 3 4 1 5 7 0
0 27 3 1 5 3 4 2 0 7 6
0 27 3 1 2 3 6 4 5 7 0
0 29 3 1 2 3 6 0 5 7 4
0 27 3 1 2 3 4 6 0 5 7
0 29 3 6 2 3 4 0 5 7 1
0 30 2 6 2 3 4 5 0 7 1
0 31 3 5 2 3 4 6 0 7 1
0 32 2 5 2 3 4 0 6 7 1
0 33 1 0 2 3 4 5 6 7 1
