0 0 0 1 4 2 3 6 7 0 5
0 1 5 1 4 2 3 6 0 7 5
0 2 4 1 4 2 3 0 6 7 5
0 4 3 1 4 2 3 5 6 7 0
0 5 3 1 4 2 0 5 6 7 3
0 7 3 1 4 0 3 5 6 7 2
0 8 2 1 4 3 0 5 6 7 2
0 9 2 1 4 3 2 5 6 7 0
0 6 3 1 4 0 2 5 6 7 3
0 8 3 1 0 4 3 5 6 7 2
0 10 3 0 4 3 1 5 6 7 2
0 11 3 1 4 3 7 5 6 0 2
0 11 3 1 4 3 5 0 6 7 2
0 10 3 1 4 3 2 5 6 0 7
0 11 3 1 4 3 2 0 6 7 5
0 12 3 1 4 0 2 5 6 7 3
0 12 3 0 4 3 2 5 6 7 1
0 7 3 1 0 4 2 5 6 7 3
0 11 3 4 0 3 1 5 6 7 2
0 13 3 2 4 3 1 5 6 7 0
0 12 3 1 4 3 7 5 6 2 0
0 13 3 1 4 3 5 2 6 7 0
0 14 3 1 0 3 5 4 6 7 2
0 14 3 1 0 3 2 4 6 7 5
0 14 3 1 4 3 0 2 6 7 5
0 13 3 1 0 4 2 5 6 7 3
0 13 3 4 0 3 2 5 6 7 1
0 14 3 2 4 3 0 5 6 7 1
0 14 3 2 4 3 0 5 6 7 1
0 13 3 1 4 3 0 5 6 2 7
0 14 3 1 4 3 0 2 6 7 5
0 5 4 1 0 2 3 4 6 7 5
0 6 3 1 2 0 3 4 6 7 5
0 7 2 1 2 3 0 4 6 7 5
0 10 1 1 2 3 4 0 6 7 5
