0 0 0 3 4 5 2 6 1 7 0
0 1 6 3 4 5 0 6 1 7 2
0 1 6 3 4 5 2 6 1 0 7
0 2 6 3 4 5 2 0 1 7 6
0 3 6 3 4 0 2 6 1 7 5
0 3 6 0 4 5 2 6 1 7 3
0 6 5 1 4 5 2 6 0 7 3
0 7 4 1 4 5 2 0 6 7 3
0 9 4 1 4 5 2 3 6 7 0
0 10 4 1 0 5 2 4 6 7 3
0 10 4 1 4 5 0 2 6 7 3
0 10 4 1 4 5 0 3 6 7 2
0 12 4 1 4 0 2 3 6 7 5
0 11 4 1 5 0 2 4 6 7 3
0 11 4 1 4 5 3 2 6 7 0
0 11 4 1 4 0 5 2 6 7 3
0 11 4 1 4 0 5 3 6 7 2
0 13 4 1 4 5 3 0 6 7 2
0 13 4 1 0 4 2 3 6 7 5
0 13 4 1 4 2 0 3 6 7 5
0 12 4 1 5 2 0 4 6 7 3
0 15 3 1 5 2 4 0 6 7 3
0 18 2 1 0 2 4 5 6 7 3
0 19 1 1 2 0 4 5 6 7 3
0 20 2 1 2 7 4 5 6 0 3
0 20 2 1 2 4 0 5 6 7 3
0 21 2 1 2 7 4 5 6 3 0
0 21 2 1 2 4 3 5 6 7 0
0 24 2 1 2 0 4 5 6 3 7
0 25 1 1 2 3 4 5 6 0 7
