0 0 0 1 6 0 3 2 5 7 4
0 1 4 1 6 3 0 2 5 7 4
0 2 3 1 6 3 4 2 5 7 0
0 4 3 1 6 3 4 0 5 7 2
0 5 2 1 6 3 4 5 0 7 2
0 6 1 1 0 3 4 5 6 7 2
0 7 2 0 1 3 4 5 6 7 2
0 7 2 1 3 0 4 5 6 7 2
0 10 2 2 1 3 4 5 6 7 0
0 7 3 1 0 3 4 6 5 7 2
0 6 3 1 6 3 4 5 7 0 2
0 8 3 5 1 3 4 0 6 7 2
0 9 3 4 1 3 0 5 6 7 2
0 10 3 6 1 3 4 5 0 7 2
0 8 3 1 3 7 4 5 6 0 2
0 8 3 1 3 4 0 5 6 7 2
0 11 3 2 1 3 0 5 6 7 4
0 11 3 2 1 3 4 5 6 0 7
0 12 3 2 1 3 4 0 6 7 5
0 13 3 2 1 0 4 5 6 7 3
0 8 3 1 5 3 4 6 0 7 2
0 9 2 1 5 3 4 0 6 7 2
0 11 2 1 5 3 4 2 6 7 0
0 7 3 1 6 3 4 5 7 2 0
0 10 3 5 1 3 4 2 6 7 0
0 11 3 5 0 3 4 1 6 7 2
0 10 3 4 1 3 2 5 6 7 0
0 11 3 6 0 3 4 5 1 7 2
0 9 3 1 3 7 4 5 6 2 0
0 9 3 1 3 4 2 5 6 7 0
0 13 3 0 1 3 2 5 6 7 4
0 14 2 1 0 3 2 5 6 7 4
0 13 3 0 1 3 4 2 6 7 5
0 14 2 1 0 3 4 2 6 7 5
0 15 3 2 0 3 4 1 6 7 5
0 16 2 0 2 3 4 1 6 7 5
0 17 1 1 2 3 4 0 6 7 5
