0 0 0 4 1 0 6 5 7 2 3
0 1 6 4 1 2 6 5 7 0 3
0 2 5 4 1 2 6 5 0 7 3
0 3 5 4 0 2 6 5 1 7 3
0 4 4 4 2 0 6 5 1 7 3
0 5 4 4 2 6 0 5 1 7 3
0 7 3 0 2 6 4 5 1 7 3
0 10 2 1 2 6 4 5 0 7 3
0 10 3 3 2 6 4 5 1 7 0
0 11 3 1 0 6 4 5 2 7 3
0 11 3 1 2 6 4 0 5 7 3
0 11 3 1 2 6 4 5 7 0 3
0 13 3 3 2 0 4 5 1 7 6
0 12 3 1 6 0 4 5 2 7 3
0 13 3 1 2 6 4 3 5 7 0
0 12 3 1 2 0 4 5 7 6 3
0 12 3 1 2 6 4 5 7 3 0
0 16 3 1 2 0 4 3 5 7 6
0 15 3 1 2 0 4 5 7 3 6
0 16 2 1 2 3 4 5 7 0 6
0 17 1 1 2 3 4 5 0 7 6
0 17 2 1 2 3 4 5 7 6 0
0 18 2 1 0 3 4 5 2 7 6
0 18 2 1 2 3 4 0 5 7 6
0 20 2 1 2 3 4 6 5 7 0
0 18 3 1 2 3 0 5 7 6 4
0 19 3 1 2 3 4 0 7 6 5
0 20 3 0 2 3 4 5 7 6 1
0 19 3 0 1 3 4 5 2 7 6
0 19 3 1 3 0 4 5 2 7 6
0 19 3 0 2 3 4 1 5 7 6
0 21 3 1 0 3 4 2 5 7 6
0 21 3 1 2 3 0 4 5 7 6
0 21 3 1 2 3 0 6 5 7 4
0 21 3 1 2 3 4 6 5 0 7
0 23 3 1 2 0 4 6 5 7 3
0 23 3 0 2 3 4 6 5 7 1
0 21 3 1 2 3 6 5 7 0 4
0 22 2 1 2 3 6 5 0 7 4
0 20 3 1 2 3 4 7 0 6 5
0 21 2 1 2 3 4 7 6 0 5
0 22 2 1 2 3 4 7 6 5 0
0 24 2 1 2 3 4 0 6 5 7
0 23 3 7 2 3 4 5 0 6 1
0 24 2 7 2 3 4 5 6 0 1
0 25 2 7 2 3 4 5 6 1 0
0 28 2 0 2 3 4 5 6 1 7
0 22 3 2 1 3 4 5 0 7 6
0 22 3 6 1 3 4 5 2 7 0
0 22 3 5 2 3 4 1 0 7 6
0 22 3 6 2 3 4 1 5 7 0
0 22 3 1 5 3 4 2 0 7 6
0 22 3 1 2 3 6 4 5 7 0
0 24 3 1 2 3 6 0 5 7 4
0 22 3 1 2 3 4 6 0 5 7
0 24 3 6 2 3 4 0 5 7 1
0 25 2 6 2 3 4 5 0 7 1
0 26 3 5 2 3 4 6 0 7 1
0 27 2 5 2 3 4 0 6 7 1
0 28 1 0 2 3 4 5 6 7 1
