0 0 0 0 3 7 5 2 1 4 6
0 3 6 1 3 7 5 2 0 4 6
0 4 5 1 0 7 5 2 3 4 6
0 5 5 0 1 7 5 2 3 4 6
0 5 5 1 7 0 5 2 3 4 6
0 7 5 5 1 7 0 2 3 4 6
0 8 5 6 1 7 5 2 3 4 0
0 9 4 6 1 7 0 2 3 4 5
0 10 4 6 1 0 7 2 3 4 5
0 11 4 0 1 7 6 2 3 4 5
0 11 4 6 0 1 7 2 3 4 5
0 12 4 1 0 7 6 2 3 4 5
0 12 4 0 6 1 7 2 3 4 5
0 13 4 1 7 0 6 2 3 4 5
0 14 4 7 6 1 0 2 3 4 5
0 14 4 1 7 6 0 2 3 4 5
0 15 4 7 6 0 1 2 3 4 5
0 16 4 0 7 6 1 2 3 4 5
0 17 4 1 7 6 2 0 3 4 5
0 16 4 7 0 6 1 2 3 4 5
0 17 4 7 0 6 1 2 3 4 5
0 20 4 1 0 6 2 7 3 4 5
0 21 4 1 6 0 2 7 3 4 5
0 22 4 1 6 2 0 7 3 4 5
0 25 4 1 6 2 7 0 3 4 5
0 28 4 1 0 2 7 6 3 4 5
0 29 4 1 2 0 7 6 3 4 5
0 30 4 1 2 7 0 6 3 4 5
0 33 4 1 2 7 4 6 3 0 5
0 34 3 1 2 0 4 6 3 7 5
0 33 4 1 2 7 6 0 3 4 5
0 34 4 1 2 7 4 6 0 3 5
0 35 3 1 2 7 4 0 6 3 5
0 37 2 1 2 7 4 5 6 3 0
0 38 2 1 2 7 4 5 6 0 3
0 39 1 1 2 0 4 5 6 7 3
0 40 2 1 2 0 4 5 6 3 7
0 41 1 1 2 3 4 5 6 0 7
