0 0 0 6 2 0 7 3 8 1 4 5
16 2 14 6 2 5 7 3 8 1 4 0
17 1 16 6 2 8 7 3 0 1 4 5
16 2 14 6 2 8 7 3 5 1 4 0
17 3 14 6 2 3 7 0 8 1 4 5
16 4 12 6 2 3 7 4 8 1 0 5
15 5 10 6 2 3 7 4 8 1 5 0
16 4 12 6 2 3 7 8 0 1 4 5
15 5 10 6 2 3 7 8 5 1 4 0
16 6 10 6 2 3 7 4 0 1 5 8
17 3 14 6 2 5 7 3 0 1 4 8
18 2 16 0 2 6 7 3 8 1 4 5
16 4 12 1 2 6 7 3 8 0 4 5
15 5 10 1 2 6 7 3 8 4 0 5
14 6 8 1 2 6 7 3 8 4 5 0
15 7 8 1 2 6 7 3 0 4 5 8
16 6 10 1 2 6 7 3 8 5 4 0
16 8 8 1 2 0 7 3 6 4 5 8
16 8 8 1 2 6 7 0 3 4 5 8
15 9 6 1 2 6 7 5 3 4 0 8
14 10 4 1 2 6 7 5 3 4 8 0
17 5 12 5 2 6 7 3 8 1 4 0
17 5 12 1 2 6 0 3 8 7 4 5
17 7 10 1 2 6 7 3 0 5 4 8
17 11 6 1 2 3 7 0 6 4 5 8
16 12 4 1 2 3 7 5 6 4 0 8
15 13 2 1 2 3 7 5 6 4 8 0
17 11 6 1 2 6 7 5 0 4 8 3
18 2 16 6 2 8 7 0 3 1 4 5
17 3 14 6 2 8 7 4 3 1 0 5
16 4 12 6 2 8 7 4 3 1 5 0
18 4 14 6 2 0 7 3 5 1 4 8
18 6 12 6 2 3 7 8 5 1 0 4
18 4 14 6 2 0 7 3 5 1 4 8
18 4 14 6 2 5 7 0 3 1 4 8
17 5 12 6 2 5 7 4 3 1 0 8
16 6 10 6 2 5 7 4 3 1 8 0
18 6 12 1 2 6 7 0 8 4 3 5
17 7 10 1 2 6 7 8 0 4 3 5
16 8 8 1 2 6 7 8 5 4 3 0
17 9 8 1 2 6 7 8 5 4 0 3
18 8 10 1 2 0 7 3 8 4 5 6
18 10 8 1 2 8 7 3 6 4 5 0
18 10 8 1 2 6 7 5 3 0 4 8
18 12 6 1 2 0 7 5 3 4 8 6
17 13 4 1 2 3 7 5 0 4 8 6
17 13 4 1 2 3 7 5 0 4 8 6
18 6 12 5 2 6 7 3 0 1 4 8
18 6 12 1 2 6 3 0 8 7 4 5
17 7 10 1 2 6 3 4 8 7 0 5
16 8 8 1 2 6 3 4 8 7 5 0
17 7 10 1 2 6 3 8 0 7 4 5
16 8 8 1 2 6 3 8 5 7 4 0
17 9 8 1 2 6 3 4 0 7 5 8
18 8 10 1 2 0 7 3 6 5 4 8
18 8 10 1 2 6 7 0 3 5 4 8
17 9 8 1 2 6 7 4 3 5 0 8
16 10 6 1 2 6 7 4 3 5 8 0
18 12 6 1 2 3 7 6 0 4 5 8
18 12 6 1 2 0 7 5 6 4 8 3
18 12 6 1 2 0 7 5 6 4 8 3
18 6 12 6 2 0 7 4 3 1 5 8
18 6 12 6 2 0 7 4 3 1 5 8
18 8 10 1 2 0 7 8 6 4 3 5
18 10 8 1 2 6 7 0 5 4 8 3
18 10 8 1 2 6 7 0 5 4 8 3
18 12 6 1 2 6 7 5 3 8 4 0
18 8 10 1 2 0 3 8 6 7 4 5
18 10 8 1 2 0 3 4 6 7 5 8
18 10 8 1 2 6 7 4 3 0 5 8
18 10 8 1 2 5 7 8 6 4 3 0
18 10 8 1 2 5 3 8 6 7 4 0
18 12 6 1 2 6 7 4 3 8 5 0
19 1 18 6 0 2 7 3 8 1 4 5
18 2 16 6 3 2 7 0 8 1 4 5
17 3 14 6 3 2 7 4 8 1 0 5
16 4 12 6 3 2 7 4 8 1 5 0
17 3 14 6 3 2 7 8 0 1 4 5
16 4 12 6 3 2 7 8 5 1 4 0
17 5 12 6 3 2 7 4 0 1 5 8
19 3 16 6 2 1 7 3 8 0 4 5
18 4 14 6 2 1 7 3 8 4 0 5
17 5 12 6 2 1 7 3 8 4 5 0
18 6 12 6 2 1 7 3 0 4 5 8
19 3 16 6 2 5 7 3 8 1 0 4
19 3 16 6 2 8 7 3 5 1 0 4
19 5 14 6 2 3 7 4 8 0 1 5
19 5 14 6 2 0 7 8 3 1 4 5
19 7 12 6 2 3 7 0 4 1 5 8
18 8 10 6 2 3 7 5 4 1 0 8
17 9 8 6 2 3 7 5 4 1 8 0
19 3 16 7 2 6 0 3 8 1 4 5
18 4 14 7 2 6 1 3 8 0 4 5
17 5 12 7 2 6 1 3 8 4 0 5
16 6 10 7 2 6 1 3 8 4 5 0
17 7 10 7 2 6 1 3 0 4 5 8
18 6 12 7 2 6 1 3 8 5 4 0
18 8 10 7 2 0 1 3 6 4 5 8
18 8 10 7 2 6 1 0 3 4 5 8
17 9 8 7 2 6 1 5 3 4 0 8
16 10 6 7 2 6 1 5 3 4 8 0
19 3 16 2 0 6 7 3 8 1 4 5
18 4 14 2 3 6 7 0 8 1 4 5
17 5 12 2 3 6 7 4 8 1 0 5
16 6 10 2 3 6 7 4 8 1 5 0
17 5 12 2 3 6 7 8 0 1 4 5
16 6 10 2 3 6 7 8 5 1 4 0
17 7 10 2 3 6 7 4 0 1 5 8
18 6 12 2 3 0 7 8 6 1 4 5
18 8 10 2 3 0 7 4 6 1 5 8
18 8 10 2 3 5 7 8 6 1 4 0
19 5 14 3 2 6 7 0 8 1 4 5
18 6 12 3 2 6 7 4 8 1 0 5
17 7 10 3 2 6 7 4 8 1 5 0
18 6 12 3 2 6 7 8 0 1 4 5
17 7 10 3 2 6 7 8 5 1 4 0
18 8 10 3 2 6 7 4 0 1 5 8
19 9 10 1 2 6 7 0 8 4 5 3
18 10 8 1 2 6 7 5 8 4 0 3
18 10 8 1 2 6 7 8 0 4 5 3
17 11 6 1 2 6 7 8 3 4 5 0
19 7 12 1 2 6 7 3 8 5 0 4
19 9 10 1 0 2 7 3 6 4 5 8
18 10 8 1 3 2 7 0 6 4 5 8
17 11 6 1 3 2 7 5 6 4 0 8
16 12 4 1 3 2 7 5 6 4 8 0
19 9 10 1 0 6 7 2 3 4 5 8
19 9 10 1 2 6 0 7 3 4 5 8
18 10 8 1 2 6 4 7 3 0 5 8
18 12 6 1 2 6 4 7 3 8 5 0
19 13 6 1 2 3 7 5 6 0 4 8
19 5 14 6 2 8 7 4 0 1 5 3
19 7 12 6 2 3 7 0 5 1 4 8
18 8 10 6 2 3 7 4 5 1 0 8
17 9 8 6 2 3 7 4 5 1 8 0
18 8 10 6 2 3 7 5 0 1 4 8
19 7 12 6 2 3 7 0 5 1 4 8
19 7 12 6 2 3 7 0 5 1 8 4
18 8 10 6 2 3 7 5 0 1 8 4
18 8 10 6 2 3 7 5 0 1 8 4
19 7 12 6 2 3 7 0 5 1 4 8
19 7 12 6 2 5 7 4 0 1 8 3
19 9 10 1 2 8 7 3 0 4 5 6
19 11 8 1 2 3 7 0 8 4 5 6
18 12 6 1 2 3 7 5 8 4 0 6
18 12 6 1 2 3 7 8 0 4 5 6
17 13 4 1 2 3 7 8 6 4 5 0
19 11 8 1 2 6 0 5 3 7 4 8
19 7 12 5 2 0 7 3 6 1 4 8
19 7 12 5 2 6 7 0 3 1 4 8
18 8 10 5 2 6 7 4 3 1 0 8
17 9 8 5 2 6 7 4 3 1 8 0
19 9 10 1 2 6 3 8 5 7 0 4
19 11 8 1 2 3 7 0 6 5 4 8
18 12 6 1 2 3 7 4 6 5 0 8
17 13 4 1 2 3 7 4 6 5 8 0
19 11 8 1 2 6 7 4 0 5 8 3
19 13 6 1 2 3 7 6 8 4 5 0
19 11 8 1 2 6 0 4 3 7 5 8
18 12 6 1 2 6 4 0 3 7 5 8
17 13 4 1 2 6 4 5 3 7 0 8
16 14 2 1 2 6 4 5 3 7 8 0
18 12 6 1 2 6 4 0 3 7 5 8
19 11 8 1 2 5 7 8 6 4 0 3
19 5 14 6 3 2 7 8 5 1 0 4
19 5 14 6 2 1 7 3 8 5 4 0
19 7 12 6 2 1 7 0 3 4 5 8
18 8 10 6 2 1 7 5 3 4 0 8
17 9 8 6 2 1 7 5 3 4 8 0
19 7 12 6 2 3 7 4 8 5 1 0
19 7 12 6 2 5 7 8 3 1 4 0
19 7 12 7 2 6 1 3 0 5 4 8
19 11 8 7 2 3 1 0 6 4 5 8
18 12 6 7 2 3 1 5 6 4 0 8
17 13 4 7 2 3 1 5 6 4 8 0
19 11 8 7 2 6 1 5 0 4 8 3
19 7 12 2 3 6 7 8 5 1 0 4
19 7 12 2 0 3 7 8 6 1 4 5
19 9 10 2 0 3 7 4 6 1 5 8
19 7 12 3 2 0 7 8 6 1 4 5
19 9 10 3 2 0 7 4 6 1 5 8
19 11 8 1 2 6 7 5 8 4 3 0
19 11 8 1 2 0 7 8 6 4 5 3
19 11 8 1 3 2 7 6 0 4 5 8
19 13 6 1 3 2 7 5 0 4 8 6
19 11 8 1 2 6 4 7 3 5 0 8
18 12 6 1 2 6 4 7 3 5 8 0
19 15 4 1 2 3 7 5 6 8 4 0
19 9 10 6 2 3 7 5 8 1 4 0
19 13 6 1 2 3 7 5 8 4 6 0
19 13 6 1 2 3 7 4 6 0 5 8
19 13 6 1 2 6 4 3 0 7 5 8
19 15 4 1 2 6 4 5 0 7 8 3
19 13 6 1 2 6 4 3 0 7 5 8
19 9 10 3 2 5 7 8 6 1 4 0
19 15 4 1 2 3 7 4 6 8 5 0
20 4 16 6 0 3 7 2 8 1 4 5
20 4 16 6 2 3 0 7 8 1 4 5
19 5 14 6 2 3 1 7 8 0 4 5
18 6 12 6 2 3 1 7 8 4 0 5
17 7 10 6 2 3 1 7 8 4 5 0
18 8 10 6 2 3 1 7 0 4 5 8
19 7 12 6 2 3 1 7 8 5 4 0
19 7 12 6 2 3 1 0 8 4 7 5
18 8 10 6 2 3 1 8 0 4 7 5
17 9 8 6 2 3 1 8 5 4 7 0
20 8 12 0 2 3 7 4 8 1 5 6
18 10 8 1 2 3 7 4 8 0 5 6
19 11 8 1 2 3 0 4 8 7 5 6
18 12 6 1 2 3 4 0 8 7 5 6
17 13 4 1 2 3 4 5 8 7 0 6
17 13 4 1 2 3 4 8 0 7 5 6
16 14 2 1 2 3 4 8 6 7 5 0
18 14 4 1 2 3 4 5 8 7 6 0
19 11 8 1 2 3 7 4 8 5 0 6
19 15 4 1 2 3 4 8 6 7 0 5
19 15 4 1 2 3 4 5 0 7 6 8
20 8 12 0 2 3 7 8 5 1 4 6
18 10 8 1 2 3 7 8 5 0 4 6
17 11 6 1 2 3 7 8 5 4 0 6
18 12 6 1 2 3 7 0 5 4 8 6
18 12 6 1 2 3 7 0 5 4 8 6
18 12 6 1 2 3 7 8 5 4 6 0
19 11 8 1 2 3 0 8 5 7 4 6
20 8 12 1 2 6 7 3 8 0 5 4
20 8 12 1 2 0 7 3 8 5 4 6
20 12 8 1 2 6 7 5 3 0 8 4
20 6 14 5 2 6 7 3 8 1 0 4
20 6 14 0 2 6 1 3 8 7 4 5
19 9 10 5 2 6 1 3 8 7 4 0
20 12 8 1 0 3 7 2 6 4 5 8
20 12 8 1 2 3 0 7 6 4 5 8
19 13 6 1 2 3 4 7 6 0 5 8
19 15 4 1 2 3 4 7 6 8 5 0
20 4 16 6 2 8 7 4 3 0 1 5
20 6 14 0 2 6 7 3 5 1 4 8
18 8 10 1 2 6 7 3 5 0 4 8
17 9 8 1 2 6 7 3 5 4 0 8
16 10 6 1 2 6 7 3 5 4 8 0
18 10 8 1 2 6 7 3 5 8 4 0
19 9 10 1 2 6 0 3 5 7 4 8
19 11 8 1 2 6 7 3 0 4 8 5
20 6 14 0 2 6 7 3 5 1 4 8
20 6 14 6 2 5 7 4 3 0 1 8
20 8 12 6 2 0 7 4 3 1 8 5
19 9 10 6 2 3 7 4 0 1 8 5
19 9 10 6 2 3 7 4 0 1 8 5
20 10 10 1 2 0 7 8 5 4 3 6
20 10 10 1 2 6 7 8 5 0 4 3
20 14 6 1 2 3 7 0 5 4 8 6
20 8 12 1 2 6 3 4 8 0 7 5
20 10 10 1 2 0 3 4 8 7 5 6
20 10 10 1 2 0 3 8 5 7 4 6
20 10 10 1 2 6 3 0 4 7 5 8
19 11 8 1 2 6 3 5 4 7 0 8
18 12 6 1 2 6 3 5 4 7 8 0
20 10 10 1 2 8 7 3 6 5 4 0
20 12 8 1 2 6 7 4 3 0 8 5
20 12 8 1 2 0 7 4 3 5 8 6
19 13 6 1 2 3 7 4 0 5 8 6
19 13 6 1 2 3 7 4 0 5 8 6
20 8 12 0 2 6 7 4 3 1 5 8
20 8 12 0 2 6 7 4 3 1 5 8
20 12 8 1 2 8 3 4 6 7 5 0
20 2 18 0 6 2 7 3 8 1 4 5
18 4 14 1 6 2 7 3 8 0 4 5
17 5 12 1 6 2 7 3 8 4 0 5
16 6 10 1 6 2 7 3 8 4 5 0
17 7 10 1 6 2 7 3 0 4 5 8
18 6 12 1 6 2 7 3 8 5 4 0
18 8 10 1 6 2 7 0 3 4 5 8
17 9 8 1 6 2 7 5 3 4 0 8
16 10 6 1 6 2 7 5 3 4 8 0
19 5 14 5 6 2 7 3 8 1 4 0
19 5 14 1 6 2 0 3 8 7 4 5
19 7 12 1 6 2 7 3 0 5 4 8
19 9 10 1 0 2 7 6 3 4 5 8
18 10 8 1 2 0 7 6 3 4 5 8
17 11 6 1 2 3 7 6 0 4 5 8
18 10 8 1 2 0 7 6 3 4 5 8
18 12 6 1 2 3 7 6 8 4 5 0
19 11 8 1 6 2 7 5 0 4 8 3
20 4 16 6 3 2 7 4 8 0 1 5
20 4 16 6 3 0 7 8 2 1 4 5
20 6 14 6 3 0 7 4 2 1 5 8
20 6 14 6 3 2 7 0 4 1 5 8
19 7 12 6 3 2 7 5 4 1 0 8
18 8 10 6 3 2 7 5 4 1 8 0
20 4 16 6 2 1 0 3 8 7 4 5
20 6 14 6 2 3 0 4 8 7 1 5
19 7 12 6 2 3 4 0 8 7 1 5
18 8 10 6 2 3 4 1 8 7 0 5
17 9 8 6 2 3 4 1 8 7 5 0
18 8 10 6 2 3 4 8 0 7 1 5
17 9 8 6 2 3 4 8 5 7 1 0
18 10 8 6 2 3 4 1 0 7 5 8
20 4 16 7 2 6 3 0 8 1 4 5
19 5 14 7 2 6 3 4 8 1 0 5
18 6 12 7 2 6 3 4 8 1 5 0
19 5 14 7 2 6 3 8 0 1 4 5
18 6 12 7 2 6 3 8 5 1 4 0
19 7 12 7 2 6 3 4 0 1 5 8
20 6 14 0 2 6 1 3 8 7 4 5
20 6 14 7 2 6 1 0 8 4 3 5
19 7 12 7 2 6 1 8 0 4 3 5
18 8 10 7 2 6 1 8 5 4 3 0
19 9 10 7 2 6 1 8 5 4 0 3
20 8 12 7 2 0 1 3 8 4 5 6
20 10 10 7 2 8 1 3 6 4 5 0
20 10 10 7 2 6 1 5 3 0 4 8
20 12 8 7 2 0 1 5 3 4 8 6
19 13 6 7 2 3 1 5 0 4 8 6
19 13 6 7 2 3 1 5 0 4 8 6
20 4 16 2 6 0 7 3 8 1 4 5
20 6 14 2 3 6 7 4 8 0 1 5
20 8 12 2 3 0 7 4 8 1 5 6
20 8 12 2 3 0 7 8 5 1 4 6
20 8 12 2 3 6 7 0 4 1 5 8
19 9 10 2 3 6 7 5 4 1 0 8
18 10 8 2 3 6 7 5 4 1 8 0
20 10 10 2 3 8 7 4 6 1 5 0
20 8 12 3 2 6 7 8 5 1 0 4
20 12 8 1 2 6 7 8 3 4 0 5
20 8 12 1 2 6 7 3 8 0 5 4
20 12 8 1 3 2 7 5 6 0 4 8
20 10 10 1 6 0 7 2 3 4 5 8
19 11 8 1 6 3 7 2 0 4 5 8
20 14 6 1 2 3 0 5 6 7 4 8
20 6 14 6 2 0 7 4 8 1 5 3
20 6 14 6 2 0 7 4 8 1 5 3
20 8 12 6 2 0 7 4 5 1 8 3
20 8 12 6 2 0 7 4 5 1 8 3
20 10 10 1 2 8 7 0 3 4 5 6
19 11 8 1 2 8 7 5 3 4 0 6
20 14 6 1 2 3 7 8 6 4 0 5
20 12 8 1 2 6 5 0 3 7 4 8
19 13 6 1 2 6 5 4 3 7 0 8
18 14 4 1 2 6 5 4 3 7 8 0
20 10 10 5 2 3 7 0 6 1 4 8
19 11 8 5 2 3 7 4 6 1 0 8
18 12 6 5 2 3 7 4 6 1 8 0
20 10 10 5 2 6 7 4 0 1 8 3
20 10 10 1 2 6 3 0 5 7 8 4
19 11 8 1 2 6 3 5 0 7 8 4
19 11 8 1 2 6 3 5 0 7 8 4
20 12 8 1 2 3 7 6 0 5 4 8
20 12 8 1 2 0 7 4 6 5 8 3
20 12 8 1 2 0 7 4 6 5 8 3
20 14 6 1 2 6 4 5 3 0 7 8
20 16 4 1 2 0 4 5 3 7 8 6
19 17 2 1 2 3 4 5 0 7 8 6
