0 0 0 4 1 0 5 3 6 2 7
11 1 10 4 1 5 0 3 6 2 7
10 2 8 4 1 5 7 3 6 2 0
13 1 12 4 1 2 5 3 6 0 7
13 3 10 4 1 5 7 3 6 0 2
14 2 12 4 1 2 5 3 0 6 7
14 2 12 4 1 2 5 3 6 7 0
14 4 10 4 1 5 7 3 0 6 2
15 1 14 4 0 1 5 3 6 2 7
15 3 12 4 1 2 5 0 3 6 7
15 3 12 4 1 2 0 3 6 7 5
15 5 10 4 1 5 7 0 3 6 2
11 7 4 4 1 5 7 2 3 6 0
14 8 6 4 1 5 0 2 3 6 7
14 8 6 4 1 5 7 2 3 0 6
16 4 12 4 1 5 2 3 6 0 7
16 4 12 4 1 5 3 0 6 2 7
16 4 12 4 1 5 7 0 6 2 3
16 4 12 4 1 0 7 3 6 5 2
16 2 14 4 6 1 5 3 0 2 7
15 3 12 4 6 1 5 3 2 0 7
16 2 14 0 4 1 5 3 6 2 7
15 3 12 3 4 1 5 0 6 2 7
16 4 12 0 1 2 5 4 3 6 7
15 5 10 1 0 2 5 4 3 6 7
14 6 8 1 3 2 5 4 0 6 7
14 6 8 1 2 0 5 4 3 6 7
13 7 6 1 2 5 0 4 3 6 7
12 8 4 1 2 5 7 4 3 6 0
15 7 8 1 3 2 5 0 4 6 7
15 7 8 1 3 2 5 4 6 0 7
15 7 8 1 2 6 5 4 3 0 7
15 9 6 1 2 5 7 4 3 0 6
16 6 10 4 1 2 0 5 3 6 7
16 6 10 0 1 5 7 4 3 6 2
13 9 4 2 1 5 7 4 3 6 0
15 7 8 1 0 5 7 4 3 6 2
14 8 6 1 3 5 7 4 0 6 2
15 9 6 1 3 5 7 0 4 6 2
