0 0 0 4 1 0 5 3 6 2 7
13 1 12 4 1 2 5 3 6 0 7
12 2 10 4 1 2 5 3 6 7 0
13 1 12 4 0 1 5 3 6 2 7
13 1 12 4 1 5 0 3 6 2 7
13 3 10 4 1 2 0 3 6 7 5
13 3 10 0 1 5 4 3 6 2 7
12 4 8 1 0 5 4 3 6 2 7
13 5 8 0 1 2 4 3 6 7 5
12 6 6 1 0 2 4 3 6 7 5
11 7 4 1 2 0 4 3 6 7 5
13 5 8 1 5 0 4 3 6 2 7
14 2 12 4 1 2 5 3 0 6 7
14 4 10 4 1 2 5 0 6 7 3
14 2 12 0 4 1 5 3 6 2 7
14 2 12 4 1 5 7 3 6 2 0
14 4 10 4 1 0 2 3 6 7 5
14 4 10 3 1 5 4 0 6 2 7
14 6 8 3 1 2 4 0 6 7 5
14 8 6 1 2 7 4 3 6 0 5
14 8 6 1 2 4 0 3 6 7 5
14 6 8 1 5 2 4 3 6 0 7
13 7 6 1 5 2 4 3 6 7 0
14 8 6 3 1 2 4 5 6 7 0
15 5 10 4 1 0 5 3 6 7 2
15 5 10 0 1 2 5 3 6 7 4
14 6 8 1 0 2 5 3 6 7 4
13 7 6 1 2 0 5 3 6 7 4
14 8 6 1 2 5 0 3 6 7 4
13 9 4 1 2 5 4 3 6 7 0
15 5 10 1 6 5 4 3 0 2 7
15 7 8 1 6 2 4 3 0 7 5
15 3 12 4 0 2 5 3 1 6 7
15 3 12 4 1 2 5 0 3 6 7
15 5 10 0 1 2 5 4 6 7 3
14 6 8 1 0 2 5 4 6 7 3
13 7 6 1 2 0 5 4 6 7 3
14 8 6 1 2 5 0 4 6 7 3
15 7 8 4 1 2 0 5 6 7 3
15 3 12 3 4 1 5 0 6 2 7
15 3 12 4 1 5 7 3 6 0 2
15 5 10 4 0 1 2 3 6 7 5
15 9 6 1 2 7 4 3 6 5 0
15 9 6 1 2 4 5 3 6 7 0
15 9 6 1 5 2 4 0 6 7 3
15 11 4 1 2 5 4 0 6 7 3
15 9 6 1 2 5 3 4 6 7 0
15 11 4 1 2 5 4 0 6 7 3
15 9 6 0 1 2 4 5 6 7 3
14 10 4 1 0 2 4 5 6 7 3
13 11 2 1 2 0 4 5 6 7 3
14 10 4 1 0 2 4 5 6 7 3
15 9 6 0 1 2 4 5 6 7 3
16 2 14 4 6 1 5 3 0 2 7
16 4 12 4 1 5 2 3 6 0 7
15 5 10 4 1 5 2 3 6 7 0
16 4 12 4 1 5 3 0 6 2 7
16 6 10 4 1 2 3 0 6 7 5
16 6 10 7 1 5 4 3 6 2 0
16 8 8 5 1 2 4 3 6 7 0
16 6 10 1 5 4 0 3 6 2 7
16 4 12 5 4 1 0 3 6 2 7
16 4 12 4 1 5 7 0 6 2 3
16 6 10 3 1 5 4 7 6 2 0
16 8 8 1 5 2 0 3 6 7 4
16 10 6 1 5 0 4 3 6 7 2
16 6 10 4 0 1 5 3 6 7 2
16 6 10 4 1 5 0 3 6 7 2
16 6 10 3 1 2 5 0 6 7 4
16 8 8 1 2 7 5 3 6 0 4
16 10 6 1 2 5 4 3 6 0 7
16 6 10 1 6 5 4 0 3 2 7
16 6 10 1 6 5 4 3 2 0 7
15 7 8 1 6 5 4 3 2 7 0
16 8 8 1 6 2 4 0 3 7 5
16 4 12 0 4 2 5 3 1 6 7
16 4 12 4 2 0 5 3 1 6 7
16 4 12 0 1 2 5 4 3 6 7
15 5 10 1 0 2 5 4 3 6 7
16 8 8 1 2 7 5 4 6 0 3
16 8 8 4 1 2 3 5 6 7 0
16 8 8 4 1 0 2 5 6 7 3
16 6 10 3 4 1 0 5 6 2 7
16 4 12 4 1 0 7 3 6 5 2
16 6 10 0 4 1 2 3 6 7 5
16 12 4 1 2 7 4 5 6 0 3
16 12 4 1 2 4 0 5 6 7 3
16 6 10 4 1 5 0 3 6 7 2
16 8 8 4 1 2 3 5 6 7 0
16 8 8 0 1 5 4 3 6 7 2
15 9 6 1 0 5 4 3 6 7 2
15 9 6 1 0 5 4 3 6 7 2
16 10 6 1 6 2 4 5 3 7 0
16 6 10 1 2 0 5 4 3 6 7
16 8 8 0 1 5 4 3 6 7 2
17 5 12 4 1 2 5 6 0 7 3
17 7 10 4 0 2 5 1 6 7 3
16 8 8 4 2 0 5 1 6 7 3
17 5 12 7 4 1 5 3 6 2 0
17 5 12 4 1 0 7 3 6 2 5
17 5 12 0 1 5 7 3 6 2 4
16 6 10 1 0 5 7 3 6 2 4
17 5 12 4 1 7 2 3 6 0 5
17 5 12 3 1 5 4 6 0 2 7
17 7 10 3 0 5 4 1 6 2 7
17 7 10 3 1 2 4 6 0 7 5
17 9 8 3 0 2 4 1 6 7 5
16 10 6 3 2 0 4 1 6 7 5
17 9 8 1 2 7 4 3 0 6 5
17 11 6 1 2 4 3 0 6 7 5
17 7 10 1 5 2 4 3 0 6 7
17 9 8 3 1 2 0 5 6 7 4
17 9 8 3 1 2 4 5 6 0 7
17 11 6 3 1 0 4 5 6 7 2
17 7 10 5 1 2 0 3 6 7 4
17 7 10 1 6 2 5 3 0 7 4
17 11 6 1 2 5 3 0 6 7 4
17 7 10 5 1 2 0 4 6 7 3
17 7 10 1 6 2 5 4 0 7 3
17 5 12 3 4 1 5 7 6 2 0
17 11 6 1 2 7 4 0 6 5 3
17 11 6 1 2 4 5 0 6 7 3
17 11 6 1 2 5 3 0 6 7 4
17 11 6 1 6 2 4 5 0 7 3
17 11 6 1 6 2 4 5 0 7 3
17 3 14 4 6 1 5 0 3 2 7
17 3 14 4 6 1 5 3 2 0 7
16 4 12 4 6 1 5 3 2 7 0
17 5 12 4 1 0 2 3 6 5 7
17 5 12 4 1 5 2 3 0 6 7
17 7 10 4 1 5 2 0 6 7 3
17 5 12 0 1 5 3 4 6 2 7
16 6 10 1 0 5 3 4 6 2 7
17 5 12 4 1 5 3 6 0 2 7
17 7 10 0 1 2 3 4 6 7 5
16 8 8 1 0 2 3 4 6 7 5
15 9 6 1 2 0 3 4 6 7 5
14 10 4 1 2 3 0 4 6 7 5
15 9 6 1 2 0 3 4 6 7 5
15 11 4 1 2 3 5 4 6 7 0
15 13 2 1 2 3 4 0 6 7 5
