0 0 0 2 6 3 7 0 4 5 1
13 1 12 0 6 3 7 2 4 5 1
13 1 12 2 6 3 7 4 0 5 1
12 2 10 2 0 3 7 4 6 5 1
11 3 8 0 2 3 7 4 6 5 1
12 4 8 4 2 3 7 0 6 5 1
12 6 6 1 2 3 7 4 6 5 0
13 5 8 7 2 3 0 4 6 5 1
13 7 6 1 2 3 0 4 6 5 7
13 7 6 1 2 3 7 4 6 0 5
14 2 12 2 6 3 7 1 4 5 0
14 2 12 6 0 3 7 2 4 5 1
14 4 10 1 6 3 7 2 4 5 0
14 2 12 2 6 3 7 4 5 0 1
14 6 8 4 2 3 7 1 6 5 0
14 8 6 1 2 3 7 0 6 5 4
14 6 8 7 2 3 1 4 6 5 0
14 8 6 7 2 3 4 0 6 5 1
14 10 4 1 2 3 4 0 6 5 7
15 3 12 2 0 3 7 6 4 5 1
14 4 10 0 2 3 7 6 4 5 1
15 3 12 2 6 3 0 7 4 5 1
15 3 12 7 6 3 0 2 4 5 1
15 3 12 2 3 0 7 4 6 5 1
15 5 10 4 2 3 7 6 0 5 1
15 7 8 4 2 3 0 7 6 5 1
15 3 12 2 6 3 0 1 4 5 7
15 3 12 2 6 3 7 1 4 0 5
15 3 12 6 4 3 7 2 0 5 1
15 3 12 6 3 0 7 2 4 5 1
15 5 10 1 6 3 0 2 4 5 7
15 5 10 1 6 3 7 2 4 0 5
15 3 12 2 6 3 7 4 5 1 0
15 7 8 4 2 3 0 1 6 5 7
15 7 8 4 2 3 7 1 6 0 5
15 7 8 7 2 3 1 4 6 0 5
15 9 6 0 2 3 4 7 6 5 1
15 5 10 6 2 3 7 0 4 5 1
15 7 8 1 2 3 7 6 4 5 0
15 9 6 0 2 3 4 7 6 5 1
15 9 6 0 2 3 4 1 6 5 7
15 9 6 0 2 3 4 1 6 5 7
16 4 12 4 6 3 7 2 0 5 1
15 5 10 4 0 3 7 2 6 5 1
15 5 10 4 0 3 7 2 6 5 1
16 6 10 6 2 3 7 4 0 5 1
16 6 10 7 2 0 3 4 6 5 1
16 8 8 7 2 3 5 4 6 0 1
16 8 8 1 2 0 3 4 6 5 7
16 10 6 1 2 3 5 4 6 0 7
15 11 4 1 2 3 5 4 6 7 0
16 8 8 1 2 0 7 4 6 3 5
16 8 8 1 2 3 7 4 0 6 5
16 6 10 1 6 3 7 0 4 5 2
16 8 8 7 2 3 1 0 6 5 4
16 10 6 7 2 3 4 1 6 5 0
16 12 4 1 2 3 4 7 6 5 0
16 4 12 2 4 3 7 6 0 5 1
15 5 10 2 4 3 7 0 6 5 1
16 4 12 2 3 0 7 6 4 5 1
16 6 10 7 2 3 0 6 4 5 1
16 4 12 2 6 3 1 7 4 5 0
16 4 12 2 6 0 3 7 4 5 1
16 4 12 7 6 3 1 2 4 5 0
16 4 12 7 6 0 3 2 4 5 1
16 4 12 2 3 5 7 4 6 0 1
16 4 12 2 3 7 0 4 6 5 1
16 6 10 4 2 3 7 6 5 0 1
16 8 8 4 2 3 1 7 6 5 0
16 4 12 2 6 0 3 1 4 5 7
16 4 12 2 6 3 7 1 0 4 5
15 5 10 2 0 3 7 1 6 4 5
14 6 8 0 2 3 7 1 6 4 5
13 7 6 1 2 3 7 0 6 4 5
13 9 4 1 2 3 7 5 6 4 0
14 10 4 1 2 3 0 5 6 4 7
14 10 4 1 2 3 7 5 6 0 4
14 13 1 1 2 3 4 5 6 0 7
