0 0 0 2 6 3 7 0 4 5 1
8 2 6 2 6 3 7 1 4 5 0
11 3 8 2 6 3 0 1 4 5 7
11 3 8 2 6 3 7 1 4 0 5
13 1 12 0 6 3 7 2 4 5 1
8 4 4 1 6 3 7 2 4 5 0
11 5 6 1 6 3 0 2 4 5 7
11 5 6 1 6 3 7 2 4 0 5
13 1 12 2 6 3 7 4 0 5 1
14 4 10 2 6 0 3 1 4 5 7
13 5 8 2 6 5 3 1 4 0 7
14 6 8 2 6 3 5 1 4 0 7
14 4 10 2 6 0 7 1 4 3 5
14 4 10 2 6 3 7 1 0 4 5
14 2 12 6 0 3 7 2 4 5 1
13 3 10 6 3 0 7 2 4 5 1
12 4 8 6 3 5 7 2 4 0 1
11 5 6 6 3 5 7 2 4 1 0
14 6 8 1 6 0 3 2 4 5 7
13 7 6 1 6 5 3 2 4 0 7
14 8 6 1 6 3 5 2 4 0 7
14 6 8 1 6 0 7 2 4 3 5
14 6 8 1 6 3 7 2 0 4 5
14 2 12 2 0 3 7 4 6 5 1
13 3 10 2 3 0 7 4 6 5 1
12 4 8 2 3 5 7 4 6 0 1
11 5 6 2 3 5 7 4 6 1 0
13 5 8 2 3 5 7 4 0 6 1
14 2 12 2 6 3 7 4 5 0 1
13 3 10 2 6 3 7 4 5 1 0
14 6 8 2 6 5 3 1 4 7 0
14 4 10 6 3 7 0 2 4 5 1
13 5 8 6 3 7 1 2 4 5 0
14 6 8 6 3 5 0 2 4 1 7
14 8 6 1 6 5 3 2 4 7 0
14 4 10 2 3 7 0 4 6 5 1
13 5 8 2 3 7 1 4 6 5 0
14 6 8 2 3 5 0 4 6 1 7
14 6 8 2 3 5 7 0 4 6 1
10 8 2 2 3 5 7 1 4 6 0
13 9 4 2 3 5 0 1 4 6 7
13 9 4 2 3 5 7 1 4 0 6
15 3 12 2 0 3 7 6 4 5 1
14 4 10 2 3 0 7 6 4 5 1
13 5 8 2 3 5 7 6 4 0 1
12 6 6 2 3 5 7 6 4 1 0
15 5 10 2 6 0 7 1 4 5 3
14 6 8 2 6 5 7 1 4 0 3
13 7 6 2 6 5 7 1 4 3 0
15 3 12 7 6 3 0 2 4 5 1
14 4 10 7 6 3 1 2 4 5 0
15 7 8 1 6 0 7 2 4 5 3
14 8 6 1 6 5 7 2 4 0 3
13 9 4 1 6 5 7 2 4 3 0
15 5 10 2 0 6 3 1 4 5 7
15 7 8 2 6 3 5 1 4 7 0
15 5 10 2 0 6 7 1 4 3 5
15 5 10 2 6 7 0 1 4 3 5
14 6 8 2 6 7 5 1 4 3 0
15 5 10 2 0 3 7 1 6 4 5
14 6 8 2 3 0 7 1 6 4 5
15 3 12 6 4 3 7 2 0 5 1
15 5 10 6 3 5 7 2 0 4 1
15 7 8 1 0 6 3 2 4 5 7
15 9 6 1 6 3 5 2 4 7 0
15 7 8 1 0 6 7 2 4 3 5
15 7 8 1 6 7 0 2 4 3 5
14 8 6 1 6 7 5 2 4 3 0
15 7 8 1 0 3 7 2 6 4 5
14 8 6 1 3 0 7 2 6 4 5
15 7 8 0 3 5 7 2 4 6 1
