0 0 0 2 6 3 7 0 4 5 1
0 1 12 0 6 3 7 2 4 5 1
0 4 10 1 6 3 7 2 4 5 0
0 5 10 1 6 3 0 2 4 5 7
0 5 10 1 6 3 7 2 4 0 5
0 6 10 1 6 3 7 0 4 5 2
0 8 10 1 6 3 5 2 4 0 7
0 9 8 1 6 3 5 2 4 7 0
0 10 8 1 6 3 0 2 4 7 5
0 11 8 1 6 3 5 0 4 7 2
0 14 6 1 6 3 0 5 4 7 2
0 15 6 1 6 3 2 5 4 7 0
0 13 8 1 6 3 2 0 4 7 5
0 12 8 1 6 3 5 4 0 7 2
0 13 6 1 0 3 5 4 6 7 2
0 14 8 1 0 3 5 6 4 7 2
0 15 8 1 6 0 3 5 4 7 2
0 16 8 0 6 3 1 5 4 7 2
0 17 8 1 6 3 7 5 4 0 2
0 16 8 1 6 3 2 5 4 0 7
0 17 8 1 6 3 2 0 4 7 5
0 18 8 1 6 0 2 5 4 7 3
0 18 8 0 6 3 2 5 4 7 1
0 14 8 1 6 3 2 4 0 7 5
0 15 6 1 0 3 2 4 6 7 5
0 16 8 1 0 3 2 6 4 7 5
0 14 8 0 1 3 5 4 6 7 2
0 14 8 1 3 0 5 4 6 7 2
0 15 8 1 4 3 5 6 0 7 2
0 16 6 1 4 3 5 0 6 7 2
0 19 4 1 4 3 0 5 6 7 2
0 20 4 1 4 3 2 5 6 7 0
0 18 6 1 4 3 5 2 6 7 0
0 20 6 1 4 0 3 5 6 7 2
0 21 6 0 4 3 1 5 6 7 2
0 22 6 1 4 3 7 5 6 0 2
0 21 6 1 4 3 2 5 6 0 7
0 22 6 1 4 3 2 0 6 7 5
0 23 6 1 4 0 2 5 6 7 3
0 23 6 0 4 3 2 5 6 7 1
0 19 6 1 4 3 0 2 6 7 5
0 21 6 1 0 4 3 5 6 7 2
0 22 6 4 0 3 1 5 6 7 2
0 24 6 2 4 3 1 5 6 7 0
0 23 6 1 4 3 7 5 6 2 0
0 25 6 1 4 3 0 2 6 7 5
0 24 6 1 0 4 2 5 6 7 3
0 24 6 1 4 2 0 5 6 7 3
0 24 6 4 0 3 2 5 6 7 1
0 25 6 2 4 3 0 5 6 7 1
0 25 6 2 4 3 0 5 6 7 1
0 24 6 1 4 3 0 5 6 2 7
0 25 6 1 4 2 3 5 6 7 0
0 16 8 1 0 6 3 5 4 7 2
0 17 8 6 0 3 1 5 4 7 2
0 19 8 4 6 3 1 5 0 7 2
0 19 8 2 6 3 1 5 4 7 0
0 18 8 1 6 3 7 5 0 4 2
0 19 6 1 0 3 7 5 6 4 2
0 18 8 1 6 3 7 5 4 2 0
0 17 8 1 6 3 2 5 0 4 7
0 18 6 1 0 3 2 5 6 4 7
0 18 8 1 6 3 2 4 0 7 5
0 20 8 1 0 3 2 6 4 7 5
0 19 8 1 0 6 2 5 4 7 3
0 19 8 1 6 2 0 5 4 7 3
0 19 8 6 0 3 2 5 4 7 1
0 20 8 2 6 3 0 5 4 7 1
0 21 8 4 6 3 2 5 0 7 1
0 16 8 0 1 3 2 4 6 7 5
0 16 8 1 3 0 2 4 6 7 5
0 17 8 1 4 3 2 6 0 7 5
0 15 8 4 1 3 5 0 6 7 2
0 18 6 4 1 3 0 5 6 7 2
0 20 4 0 1 3 4 5 6 7 2
0 21 2 1 0 3 4 5 6 7 2
0 23 4 2 1 3 4 5 6 7 0
0 22 4 1 6 3 4 5 0 7 2
0 22 4 1 3 0 4 5 6 7 2
0 19 6 4 1 3 2 5 6 7 0
0 21 6 5 1 3 4 0 6 7 2
0 23 6 6 1 3 4 5 0 7 2
0 24 6 2 1 3 0 5 6 7 4
0 24 6 2 1 3 4 5 6 0 7
0 25 6 2 1 3 4 0 6 7 5
0 26 6 2 1 0 4 5 6 7 3
0 23 6 1 6 3 4 0 5 7 2
0 23 6 1 6 3 4 5 7 0 2
0 23 6 1 3 7 4 5 6 0 2
0 23 6 1 3 4 0 5 6 7 2
0 22 6 0 1 3 2 5 6 7 4
0 23 4 1 0 3 2 5 6 7 4
0 23 6 5 1 3 4 2 6 7 0
0 24 6 5 0 3 4 1 6 7 2
0 24 6 6 0 3 4 5 1 7 2
0 26 6 0 1 3 2 5 6 7 4
0 26 6 0 1 3 4 2 6 7 5
0 27 4 1 0 3 4 2 6 7 5
0 28 6 2 0 3 4 1 6 7 5
0 29 4 0 2 3 4 1 6 7 5
0 30 2 1 2 3 4 0 6 7 5
