0 0 0 2 6 3 7 0 4 5 1
0 2 6 2 6 3 7 1 4 5 0
0 3 8 2 6 3 0 1 4 5 7
0 3 8 2 6 3 7 1 4 0 5
0 6 8 2 6 3 5 1 4 0 7
0 7 8 2 6 3 5 1 4 7 0
0 5 10 2 6 0 7 1 4 5 3
0 6 8 2 6 5 7 1 4 0 3
0 7 6 2 6 5 7 1 4 3 0
0 8 8 2 6 5 0 1 4 3 7
0 11 8 2 6 5 3 1 4 0 7
0 12 8 2 6 5 3 1 4 7 0
0 4 10 2 6 0 3 1 4 5 7
0 4 10 2 6 0 7 1 4 3 5
0 4 10 2 6 3 7 1 0 4 5
0 7 10 2 6 0 5 1 4 3 7
0 7 10 2 6 3 5 1 0 4 7
0 8 10 2 6 3 0 1 4 7 5
0 6 10 2 0 6 7 1 4 5 3
0 6 10 2 6 7 0 1 4 5 3
0 7 8 2 6 7 3 1 4 5 0
0 7 10 2 6 5 7 1 0 4 3
0 10 10 2 6 0 7 1 4 3 5
0 9 10 2 6 0 5 1 4 3 7
0 12 10 2 6 0 3 1 4 5 7
0 12 10 2 6 5 3 1 0 4 7
0 13 10 2 6 5 0 1 4 7 3
0 5 10 2 0 6 3 1 4 5 7
0 5 10 2 0 6 7 1 4 3 5
0 5 10 2 6 7 0 1 4 3 5
0 6 8 2 6 7 5 1 4 3 0
0 5 10 2 0 3 7 1 6 4 5
0 6 8 2 3 0 7 1 6 4 5
0 7 8 2 3 4 7 1 6 0 5
0 8 6 2 3 4 7 1 6 5 0
0 7 8 2 3 7 0 1 6 4 5
0 8 6 2 3 7 5 1 6 4 0
0 8 8 2 3 4 7 1 0 6 5
0 9 8 2 3 4 0 1 6 5 7
0 11 8 2 3 0 7 1 6 5 4
0 12 6 2 3 5 7 1 6 0 4
0 13 4 2 3 5 7 1 6 4 0
0 13 6 2 3 5 7 1 0 6 4
0 14 6 2 3 5 0 1 6 4 7
0 10 8 2 3 7 4 1 6 0 5
0 11 6 2 3 7 4 1 6 5 0
0 9 8 2 3 7 5 1 6 0 4
0 11 8 2 3 0 5 1 6 4 7
0 10 8 2 3 0 4 1 6 5 7
0 12 8 2 3 4 5 1 6 0 7
0 12 8 2 3 7 0 1 6 5 4
0 14 8 2 0 5 7 1 3 6 4
0 14 8 2 3 5 7 0 1 6 4
0 16 4 2 3 5 7 4 1 6 0
0 17 6 2 3 5 0 4 1 6 7
0 17 6 2 3 5 7 4 1 0 6
0 15 8 2 3 0 5 1 6 4 7
0 17 8 2 3 5 4 1 6 0 7
0 18 6 2 3 5 4 1 6 7 0
0 11 8 2 3 0 4 1 6 7 5
0 12 8 2 3 7 0 1 6 5 4
0 14 8 2 3 0 4 1 6 5 7
0 10 8 2 3 7 5 1 0 6 4
0 12 8 2 3 4 5 1 6 0 7
0 11 8 2 3 5 4 1 6 0 7
0 11 8 2 0 3 4 1 6 5 7
0 13 8 2 3 4 5 1 0 6 7
0 13 8 2 3 4 5 1 6 7 0
0 15 8 2 5 0 7 1 3 6 4
0 15 8 0 3 5 7 2 1 6 4
0 18 4 1 3 5 7 2 0 6 4
0 18 4 4 3 5 7 2 1 6 0
0 19 4 1 3 5 7 2 6 0 4
0 20 2 1 3 5 7 2 6 4 0
0 21 4 1 3 5 0 2 6 4 7
0 19 6 1 0 5 7 2 3 6 4
0 19 6 1 3 5 7 0 2 6 4
0 21 2 1 3 5 7 4 2 6 0
0 22 4 1 3 5 0 4 2 6 7
0 22 4 1 3 5 7 4 2 0 6
0 19 6 4 3 5 0 2 1 6 7
0 19 6 4 3 5 7 2 1 0 6
0 20 6 1 3 0 7 2 6 5 4
0 23 6 1 3 0 7 2 6 4 5
0 22 6 1 3 0 5 2 6 4 7
0 24 6 1 3 5 4 2 6 0 7
0 20 6 1 5 0 7 2 3 6 4
0 24 6 1 3 0 7 4 2 6 5
0 23 6 1 3 0 5 4 2 6 7
0 25 6 1 3 5 6 4 2 0 7
0 23 6 1 3 0 7 4 2 5 6
0 23 6 1 3 5 7 4 0 2 6
0 21 6 1 3 7 0 2 6 5 4
0 24 6 1 3 4 7 2 6 0 5
0 25 4 1 3 4 7 2 6 5 0
0 24 6 1 3 7 0 2 6 4 5
0 25 4 1 3 7 5 2 6 4 0
0 23 6 1 3 4 5 2 6 0 7
0 25 6 1 3 5 4 2 0 6 7
0 25 6 1 3 5 4 2 6 7 0
0 21 6 1 5 6 7 2 3 0 4
0 22 4 1 5 6 7 2 3 4 0
0 21 6 1 5 7 0 2 3 6 4
0 25 6 1 3 6 7 4 2 0 5
0 26 4 1 3 6 7 4 2 5 0
0 25 6 1 3 7 0 4 2 6 5
0 26 4 1 3 7 5 4 2 6 0
0 24 6 1 3 6 5 4 2 0 7
0 26 6 1 3 5 6 4 2 7 0
0 24 6 1 3 7 0 4 2 5 6
0 24 6 1 3 5 7 0 4 2 6
0 26 4 1 3 5 7 6 4 2 0
0 22 6 1 3 7 4 2 6 5 0
0 24 6 1 3 7 5 2 6 0 4
0 25 6 1 3 4 7 2 0 6 5
0 26 6 1 3 4 0 2 6 5 7
0 26 6 1 3 7 5 2 6 0 4
0 24 6 1 3 4 5 2 0 6 7
0 24 6 1 3 4 5 2 6 7 0
0 26 6 1 3 5 0 2 6 7 4
0 23 6 1 5 6 0 2 3 4 7
0 25 6 1 5 0 7 2 3 4 6
0 22 6 1 5 7 4 2 3 6 0
0 27 6 1 3 6 0 4 2 5 7
0 27 6 1 3 7 5 4 2 0 6
0 25 6 1 3 6 5 4 2 7 0
0 27 6 1 3 5 0 4 2 7 6
0 25 6 1 3 7 6 4 2 5 0
0 27 6 1 3 7 5 4 2 0 6
0 27 6 1 3 5 0 6 4 2 7
0 27 6 1 3 5 7 6 4 0 2
0 25 6 1 3 7 5 2 0 6 4
0 27 6 1 3 7 5 2 0 6 4
0 26 6 1 5 4 7 2 3 0 6
0 27 4 1 5 4 7 2 3 6 0
0 26 6 1 0 5 7 2 3 4 6
0 27 4 1 3 5 7 2 0 4 6
0 28 2 1 3 5 7 2 4 0 6
