0 0 0 5 6 3 4 0 2 1 7
9 1 8 0 6 3 4 5 2 1 7
10 2 8 6 0 3 4 5 2 1 7
9 3 6 6 2 3 4 5 0 1 7
10 4 6 6 2 3 4 5 1 0 7
9 5 4 6 2 3 4 5 1 7 0
11 1 10 5 6 3 4 2 0 1 7
10 2 8 5 0 3 4 2 6 1 7
11 3 8 0 5 3 4 2 6 1 7
12 2 10 5 6 3 4 7 2 1 0
12 4 8 2 6 3 4 5 0 1 7
11 5 6 2 0 3 4 5 6 1 7
10 6 4 0 2 3 4 5 6 1 7
12 4 8 7 6 3 4 5 2 1 0
12 4 8 6 2 3 4 0 5 1 7
12 6 6 6 2 3 0 5 1 7 4
12 8 4 0 2 3 4 5 1 7 6
12 2 10 5 6 3 4 2 1 0 7
11 3 8 5 6 3 4 2 1 7 0
12 4 8 2 5 3 4 0 6 1 7
13 3 10 5 0 3 4 6 2 1 7
12 4 8 5 2 3 4 6 0 1 7
11 5 6 5 2 3 4 0 6 1 7
11 5 6 5 2 3 4 0 6 1 7
13 3 10 4 6 3 0 5 2 1 7
13 3 10 6 3 0 4 5 2 1 7
13 5 8 6 2 0 4 5 1 3 7
13 7 6 6 2 3 4 0 1 7 5
13 3 10 5 3 0 4 2 6 1 7
13 3 10 5 6 3 4 7 2 0 1
13 5 8 2 6 3 4 5 1 0 7
12 6 6 2 6 3 4 5 1 7 0
13 9 4 7 2 3 4 5 6 1 0
13 5 8 7 6 3 4 5 2 0 1
13 5 8 0 2 3 4 6 5 1 7
13 11 2 1 2 3 4 5 0 7 6
13 5 8 5 6 3 4 0 1 7 2
12 6 6 0 6 3 4 5 1 7 2
12 6 6 0 6 3 4 5 1 7 2
13 5 8 5 2 3 4 6 1 0 7
12 6 6 5 2 3 4 6 1 7 0
13 7 6 5 2 3 4 7 6 1 0
13 7 6 5 2 3 4 7 6 1 0
13 7 6 6 0 3 4 5 1 7 2
13 9 4 1 6 3 4 5 0 7 2
12 10 2 1 0 3 4 5 6 7 2
13 7 6 6 0 3 4 5 1 7 2
13 9 4 1 6 3 4 5 0 7 2
14 8 6 6 2 0 4 5 1 7 3
14 6 8 7 5 3 4 2 6 1 0
14 6 8 2 3 0 4 5 6 1 7
14 8 6 4 2 3 0 5 6 1 7
14 6 8 6 2 3 4 7 5 1 0
14 8 6 0 2 3 6 5 1 7 4
14 4 10 5 6 3 0 2 1 7 4
14 6 8 0 6 3 4 2 1 7 5
14 6 8 2 5 3 4 7 6 1 0
14 4 10 0 5 3 4 6 2 1 7
14 4 10 4 6 3 7 5 2 1 0
14 4 10 6 3 1 4 5 2 0 7
13 5 8 6 3 1 4 5 2 7 0
14 8 6 0 2 3 4 6 1 7 5
14 8 6 6 2 3 4 1 0 7 5
14 4 10 5 3 1 4 2 6 0 7
13 5 8 5 3 1 4 2 6 7 0
14 4 10 5 6 3 4 7 0 2 1
13 5 8 5 0 3 4 7 6 2 1
14 10 4 7 2 3 4 5 6 0 1
14 6 8 7 6 3 4 5 0 2 1
13 7 6 7 0 3 4 5 6 2 1
14 6 8 5 6 3 4 1 0 7 2
13 7 6 5 0 3 4 1 6 7 2
14 8 6 5 2 3 4 0 1 7 6
14 8 6 5 2 3 4 0 1 7 6
14 8 6 5 2 3 4 7 6 0 1
14 8 6 5 2 3 4 7 6 0 1
14 8 6 6 1 3 4 5 0 7 2
14 8 6 6 1 3 4 5 0 7 2
14 6 8 0 5 3 4 7 6 2 1
14 8 6 0 7 3 4 5 6 2 1
14 8 6 0 5 3 4 1 6 7 2
13 9 4 1 5 3 4 0 6 7 2
15 3 12 5 6 3 0 4 2 1 7
15 5 10 4 5 3 0 2 6 1 7
15 3 12 5 6 3 0 7 2 1 4
15 5 10 0 6 3 4 7 2 1 5
15 5 10 2 6 3 4 0 5 1 7
15 5 10 7 6 3 0 5 2 1 4
15 7 8 6 2 0 3 5 1 7 4
15 9 6 2 0 3 4 5 1 7 6
15 3 12 5 6 0 4 2 1 3 7
15 5 10 2 5 3 4 6 0 1 7
15 7 8 2 6 3 0 5 1 7 4
15 7 8 5 2 3 0 6 1 7 4
15 11 4 0 1 3 4 5 6 7 2
15 11 4 1 3 0 4 5 6 7 2
15 7 8 7 5 3 4 2 6 0 1
15 7 8 2 3 1 4 5 6 0 7
14 8 6 2 3 1 4 5 6 7 0
15 9 6 4 2 3 7 5 6 1 0
15 7 8 6 2 3 4 7 5 0 1
15 11 4 1 2 3 6 5 0 7 4
15 7 8 2 6 3 4 0 1 7 5
15 7 8 6 0 3 4 2 1 7 5
15 7 8 2 6 3 4 0 1 7 5
15 7 8 6 0 3 4 2 1 7 5
15 9 6 1 6 3 4 2 0 7 5
14 10 4 1 0 3 4 2 6 7 5
15 7 8 2 5 3 4 7 6 0 1
15 5 10 6 5 3 4 0 2 1 7
15 5 10 4 6 3 7 5 2 0 1
15 5 10 6 3 1 4 5 0 2 7
15 11 4 1 2 3 4 6 0 7 5
14 12 2 1 2 3 4 0 6 7 5
