0 0 0 5 6 3 4 0 2 1 7
10 2 8 5 6 3 4 7 2 1 0
11 1 10 0 6 3 4 5 2 1 7
11 1 10 5 6 3 4 2 0 1 7
10 2 8 5 6 3 4 2 1 0 7
9 3 6 5 6 3 4 2 1 7 0
12 2 10 6 0 3 4 5 2 1 7
11 3 8 6 2 3 4 5 0 1 7
10 4 6 6 2 3 4 5 1 0 7
9 5 4 6 2 3 4 5 1 7 0
12 4 8 2 6 3 4 5 0 1 7
11 5 6 2 6 3 4 5 1 0 7
10 6 4 2 6 3 4 5 1 7 0
12 4 8 7 6 3 4 5 2 1 0
12 2 10 5 0 3 4 2 6 1 7
12 4 8 5 6 3 0 2 1 7 4
12 6 6 6 2 3 0 5 1 7 4
13 3 10 5 0 3 4 6 2 1 7
12 4 8 5 2 3 4 6 0 1 7
11 5 6 5 2 3 4 6 1 0 7
10 6 4 5 2 3 4 6 1 7 0
13 3 10 5 6 3 0 7 2 1 4
13 3 10 5 6 3 4 7 2 0 1
13 3 10 4 6 3 0 5 2 1 7
13 3 10 5 6 0 4 2 1 3 7
13 3 10 6 3 0 4 5 2 1 7
12 4 8 6 3 1 4 5 2 0 7
11 5 6 6 3 1 4 5 2 7 0
13 5 8 6 2 0 4 5 1 3 7
13 5 8 2 0 3 4 5 6 1 7
13 7 6 2 6 3 0 5 1 7 4
13 3 10 5 3 0 4 2 6 1 7
12 4 8 5 3 1 4 2 6 0 7
11 5 6 5 3 1 4 2 6 7 0
13 5 8 5 2 3 4 0 6 1 7
13 7 6 5 2 3 0 6 1 7 4
13 7 6 5 2 3 4 7 6 1 0
14 4 10 6 2 3 4 0 5 1 7
14 6 8 2 6 0 4 5 1 3 7
14 4 10 5 3 0 4 6 2 1 7
13 5 8 5 3 1 4 6 2 0 7
12 6 6 5 3 1 4 6 2 7 0
14 6 8 5 2 0 4 6 1 3 7
14 4 10 4 6 3 7 5 2 1 0
14 4 10 5 6 4 0 2 1 3 7
14 4 10 6 3 4 0 5 2 1 7
14 6 8 6 3 1 0 5 2 7 4
14 6 8 6 2 4 0 5 1 3 7
14 6 8 0 2 3 4 5 6 1 7
14 6 8 2 3 0 4 5 6 1 7
13 7 6 2 3 1 4 5 6 0 7
12 8 4 2 3 1 4 5 6 7 0
14 4 10 5 3 4 0 2 6 1 7
13 5 8 5 3 4 7 2 6 1 0
14 6 8 5 3 1 0 2 6 7 4
14 6 8 0 2 3 4 5 6 1 7
14 6 8 6 2 3 4 7 5 1 0
15 3 12 5 6 3 0 4 2 1 7
14 4 10 5 6 3 7 4 2 1 0
15 5 10 5 6 3 4 0 1 7 2
14 6 8 5 6 3 4 1 0 7 2
15 5 10 2 6 3 4 0 5 1 7
15 5 10 7 6 3 0 5 2 1 4
15 5 10 7 6 3 4 5 2 0 1
15 3 12 0 5 3 4 2 6 1 7
14 4 10 2 5 3 4 0 6 1 7
14 6 8 2 5 3 4 7 6 1 0
15 5 10 5 6 0 3 2 1 7 4
15 7 8 6 2 0 3 5 1 7 4
15 5 10 6 3 1 4 5 0 2 7
15 5 10 5 3 1 4 2 0 6 7
15 5 10 0 2 3 4 6 5 1 7
15 7 8 2 6 4 0 5 1 3 7
15 5 10 5 3 4 0 6 2 1 7
15 7 8 5 3 1 0 6 2 7 4
15 7 8 5 2 4 0 6 1 3 7
15 5 10 5 6 4 7 2 1 3 0
15 5 10 6 3 4 7 5 2 1 0
15 7 8 6 2 4 7 5 1 3 0
15 9 6 7 2 3 4 5 6 1 0
15 7 8 2 3 4 0 5 6 1 7
15 9 6 2 3 1 0 5 6 7 4
15 9 6 7 2 3 4 5 6 1 0
15 7 8 5 0 3 4 1 6 7 2
15 7 8 5 6 3 4 1 7 0 2
14 8 6 5 6 3 4 1 7 2 0
15 7 8 2 6 3 4 7 5 1 0
15 5 10 4 5 3 0 2 6 1 7
14 6 8 4 5 3 7 2 6 1 0
15 5 10 2 5 3 4 6 0 1 7
14 6 8 2 5 3 4 6 1 0 7
13 7 6 2 5 3 4 6 1 7 0
16 6 10 5 6 0 4 2 1 7 3
16 8 8 6 2 0 4 5 1 7 3
16 8 8 0 2 3 4 5 1 7 6
15 11 4 1 2 3 4 5 0 7 6
16 4 12 0 5 3 4 6 2 1 7
16 8 8 5 2 3 4 0 1 7 6
15 9 6 5 2 3 4 1 0 7 6
16 4 12 5 6 0 3 7 2 1 4
15 5 10 5 6 1 3 7 2 0 4
16 6 10 5 6 3 1 7 2 0 4
16 4 12 5 6 0 4 7 2 3 1
16 4 12 5 6 3 4 7 0 2 1
16 4 12 4 6 0 3 5 2 1 7
15 5 10 4 6 1 3 5 2 0 7
14 6 8 4 6 1 3 5 2 7 0
16 6 10 4 6 3 1 5 2 0 7
15 7 8 4 6 3 1 5 2 7 0
16 4 12 5 0 6 4 2 1 3 7
15 5 10 5 1 6 4 2 0 3 7
16 6 10 6 0 2 4 5 1 3 7
15 7 8 6 1 2 4 5 0 3 7
16 8 8 2 6 0 3 5 1 7 4
16 8 8 5 2 0 3 6 1 7 4
16 8 8 5 2 3 0 7 6 1 4
16 8 8 5 2 3 4 7 6 0 1
16 6 10 5 3 1 4 6 0 2 7
16 8 8 4 2 3 0 5 6 1 7
16 8 8 2 3 1 4 5 0 6 7
16 6 10 5 3 4 7 2 6 0 1
16 8 8 4 2 3 0 5 6 1 7
16 6 10 0 6 3 4 5 1 7 2
15 9 6 1 6 3 4 5 0 7 2
16 6 10 0 6 3 4 5 1 7 2
16 6 10 7 5 3 4 2 6 1 0
16 6 10 5 6 7 3 2 1 0 4
16 8 8 6 2 7 3 5 1 0 4
16 6 10 5 3 1 4 0 2 6 7
16 6 10 2 0 3 4 6 5 1 7
16 6 10 2 0 3 4 6 5 1 7
16 8 8 7 2 3 4 6 5 1 0
16 8 8 2 6 4 7 5 1 3 0
16 6 10 5 3 4 7 6 2 1 0
16 8 8 5 2 4 7 6 1 3 0
16 8 8 2 3 4 7 5 6 1 0
16 8 8 5 3 0 4 1 6 7 2
16 6 10 2 0 3 4 6 5 1 7
16 8 8 2 5 3 0 6 1 7 4
16 12 4 1 2 3 4 5 7 0 6
15 13 2 1 2 3 4 5 7 6 0
16 10 6 5 2 3 4 1 7 0 6
15 11 4 5 2 3 4 1 7 6 0
16 6 10 5 6 1 3 7 2 4 0
16 6 10 5 1 6 4 0 2 3 7
16 6 10 5 1 6 4 2 3 0 7
15 7 8 5 1 6 4 2 3 7 0
16 8 8 6 1 2 4 5 3 0 7
15 9 6 6 1 2 4 5 3 7 0
16 10 6 1 0 3 4 5 6 7 2
16 10 6 1 6 3 4 5 7 0 2
15 11 4 1 6 3 4 5 7 2 0
16 8 8 5 3 1 4 7 2 6 0
16 8 8 5 1 6 4 7 2 3 0
17 5 12 5 6 0 4 7 2 1 3
16 6 10 5 6 1 4 7 2 0 3
15 7 8 5 6 1 4 7 2 3 0
17 7 10 6 2 3 4 0 1 7 5
16 8 8 6 2 3 4 1 0 7 5
17 9 8 2 6 0 4 5 1 7 3
17 7 10 5 6 3 7 2 1 0 4
16 8 8 5 6 3 7 2 1 4 0
17 7 10 5 6 3 2 0 1 7 4
16 8 8 5 6 3 2 1 0 7 4
17 9 8 6 2 3 7 5 1 0 4
17 9 8 5 2 0 4 6 1 7 3
17 7 10 5 3 1 4 0 6 7 2
17 7 10 2 0 6 4 5 1 3 7
16 8 8 2 1 6 4 5 0 3 7
17 7 10 5 0 2 4 6 1 3 7
16 8 8 5 1 2 4 6 0 3 7
17 5 12 4 6 3 7 5 2 0 1
17 7 10 5 6 4 3 2 1 0 7
16 8 8 5 6 4 3 2 1 7 0
17 7 10 6 3 4 1 5 2 0 7
16 8 8 6 3 4 1 5 2 7 0
17 7 10 6 3 0 1 5 2 7 4
17 9 8 6 2 4 3 5 1 0 7
16 10 6 6 2 4 3 5 1 7 0
17 7 10 5 3 4 1 2 6 0 7
16 8 8 5 3 4 1 2 6 7 0
17 7 10 5 3 0 1 2 6 7 4
17 9 8 5 3 1 7 2 6 0 4
16 10 6 5 3 1 7 2 6 4 0
17 7 10 6 2 3 0 7 5 1 4
17 7 10 6 2 3 4 7 5 0 1
17 5 12 5 6 3 7 4 2 0 1
17 7 10 2 5 3 0 4 6 1 7
16 8 8 2 5 3 7 4 6 1 0
17 7 10 2 5 3 0 7 6 1 4
17 7 10 2 5 3 4 7 6 0 1
17 7 10 4 2 3 0 6 5 1 7
17 9 8 5 6 3 0 1 7 2 4
17 7 10 4 5 3 7 2 6 0 1
17 7 10 2 5 0 4 6 1 3 7
17 7 10 5 6 7 4 2 1 0 3
16 8 8 5 6 7 4 2 1 3 0
17 7 10 5 6 4 0 2 1 7 3
17 9 8 6 2 7 4 5 1 0 3
16 10 6 6 2 7 4 5 1 3 0
17 9 8 6 2 4 0 5 1 7 3
17 9 8 2 0 3 4 5 1 7 6
16 10 6 2 1 3 4 5 0 7 6
17 5 12 6 5 3 4 0 2 1 7
17 7 10 7 5 3 4 6 2 1 0
17 7 10 5 6 3 1 7 2 4 0
17 5 12 5 6 4 0 7 2 3 1
16 6 10 5 6 4 1 7 2 3 0
17 5 12 5 6 3 4 0 7 2 1
13 7 6 5 6 3 4 1 7 2 0
16 8 8 5 6 3 0 1 7 2 4
17 5 12 5 0 3 4 7 6 2 1
17 5 12 5 6 3 4 0 7 2 1
17 7 10 4 6 1 0 5 2 7 3
17 7 10 0 6 2 4 5 1 3 7
16 10 6 1 6 2 4 5 0 3 7
17 9 8 2 6 7 3 5 1 0 4
17 9 8 5 2 7 3 6 1 0 4
17 7 10 5 3 1 4 0 6 2 7
17 9 8 4 2 3 7 5 6 1 0
17 7 10 5 3 0 7 2 6 4 1
17 7 10 5 3 4 7 2 0 6 1
17 9 8 4 2 3 7 5 6 1 0
17 7 10 6 0 3 4 5 1 7 2
16 8 8 6 1 3 4 5 0 7 2
17 7 10 6 0 3 4 5 1 7 2
17 7 10 5 6 7 3 2 1 4 0
17 9 8 6 2 7 3 5 1 4 0
17 7 10 0 3 1 4 5 2 6 7
17 9 8 5 3 1 0 4 2 6 7
16 10 6 5 3 1 7 4 2 6 0
17 7 10 2 3 0 4 6 5 1 7
16 8 8 2 3 1 4 6 5 0 7
15 9 6 2 3 1 4 6 5 7 0
17 7 10 2 3 0 4 6 5 1 7
17 9 8 5 3 7 4 1 6 0 2
16 10 6 5 3 7 4 1 6 2 0
17 9 8 5 3 4 0 1 6 7 2
16 10 6 5 3 4 2 1 6 7 0
17 7 10 2 3 0 4 6 5 1 7
17 7 10 0 1 6 4 5 2 3 7
16 8 8 1 0 6 4 5 2 3 7
15 9 6 1 2 6 4 5 0 3 7
15 9 6 1 6 0 4 5 2 3 7
14 10 4 1 6 3 4 5 2 0 7
13 11 2 1 6 3 4 5 2 7 0
16 10 6 1 2 6 4 5 3 0 7
15 11 4 1 2 6 4 5 3 7 0
16 10 6 1 6 4 0 5 2 3 7
16 12 4 1 6 3 0 5 2 7 4
17 7 10 5 1 0 4 2 3 6 7
16 8 8 5 1 4 0 2 3 6 7
15 9 6 5 1 4 7 2 3 6 0
17 11 6 1 3 0 4 5 6 7 2
17 9 8 6 2 3 4 1 7 0 5
16 10 6 6 2 3 4 1 7 5 0
17 9 8 5 0 3 2 1 6 7 4
17 9 8 5 6 3 2 1 7 0 4
17 9 8 2 1 6 4 5 3 0 7
16 10 6 2 1 6 4 5 3 7 0
17 9 8 5 1 2 4 0 6 3 7
17 9 8 5 1 2 4 6 3 0 7
16 10 6 5 1 2 4 6 3 7 0
17 11 6 2 1 3 4 5 7 0 6
16 12 4 2 1 3 4 5 7 6 0
17 7 10 6 5 3 4 7 2 1 0
17 11 6 1 0 2 4 5 6 3 7
16 12 4 1 2 0 4 5 6 3 7
15 13 2 1 2 3 4 5 6 0 7
