0 0 0 5 6 3 4 0 2 1 7
0 2 8 5 6 3 4 7 2 1 0
0 1 10 0 6 3 4 5 2 1 7
0 4 8 2 6 3 4 5 0 1 7
0 5 6 2 6 3 4 5 1 0 7
0 6 4 2 6 3 4 5 1 7 0
0 7 6 2 6 3 0 5 1 7 4
0 4 8 7 6 3 4 5 2 1 0
0 5 8 2 0 3 4 5 6 1 7
0 6 8 2 6 0 4 5 1 3 7
0 9 8 2 6 0 4 5 1 7 3
0 8 8 2 6 0 3 5 1 7 4
0 10 8 2 6 3 7 5 1 0 4
0 6 8 0 2 3 4 5 6 1 7
0 9 6 7 2 3 4 5 6 1 0
0 6 8 2 3 0 4 5 6 1 7
0 7 6 2 3 1 4 5 6 0 7
0 8 4 2 3 1 4 5 6 7 0
0 9 6 2 3 1 0 5 6 7 4
0 7 8 2 6 4 0 5 1 3 7
0 10 8 2 6 7 4 5 1 0 3
0 11 6 2 6 7 4 5 1 3 0
0 10 8 2 6 4 0 5 1 7 3
0 11 6 2 6 4 3 5 1 7 0
0 9 8 2 6 7 3 5 1 0 4
0 11 8 2 6 3 7 5 1 4 0
0 7 8 5 2 3 4 0 6 1 7
0 9 6 5 2 3 4 7 6 1 0
0 8 8 4 2 3 0 5 6 1 7
0 9 8 6 2 3 4 5 0 1 7
0 10 6 6 2 3 4 5 1 0 7
0 11 4 6 2 3 4 5 1 7 0
0 12 6 6 2 3 0 5 1 7 4
0 10 8 7 2 3 0 5 6 1 4
0 10 8 7 2 3 4 5 6 0 1
0 7 8 2 3 4 0 5 6 1 7
0 8 8 2 3 1 4 5 0 6 7
0 11 8 2 3 0 4 5 6 7 1
0 10 8 2 3 0 1 5 6 7 4
0 12 8 2 3 1 7 5 6 0 4
0 8 8 2 6 4 7 5 1 3 0
0 10 8 2 6 4 3 5 1 0 7
0 12 8 2 6 7 0 5 1 3 4
0 12 8 2 6 4 3 5 1 0 7
0 10 8 2 6 7 3 5 1 4 0
0 12 8 2 6 3 0 5 1 4 7
0 8 8 5 2 3 4 6 0 1 7
0 9 6 5 2 3 4 6 1 0 7
0 10 4 5 2 3 4 6 1 7 0
0 11 6 5 2 3 0 6 1 7 4
0 10 8 5 2 3 0 7 6 1 4
0 10 8 5 2 3 4 7 6 0 1
0 9 8 4 2 3 7 5 6 1 0
0 11 8 4 2 3 1 5 6 0 7
0 12 6 4 2 3 1 5 6 7 0
0 11 8 6 2 0 4 5 1 3 7
0 14 8 6 2 0 4 5 1 7 3
0 14 8 0 2 3 4 5 1 7 6
0 17 4 1 2 3 4 5 0 7 6
0 18 4 1 2 3 4 5 7 0 6
0 19 2 1 2 3 4 5 7 6 0
0 20 4 1 2 3 0 5 7 6 4
0 18 6 1 0 3 4 5 2 7 6
0 18 6 1 2 3 4 0 5 7 6
0 20 2 1 2 3 4 6 5 7 0
0 21 4 1 2 3 0 6 5 7 4
0 21 4 1 2 3 4 6 5 0 7
0 19 6 1 2 0 4 5 7 3 6
0 22 6 1 2 0 4 5 7 6 3
0 21 6 1 2 0 3 5 7 6 4
0 23 6 1 2 3 6 5 7 0 4
0 19 6 1 3 0 4 5 2 7 6
0 23 6 1 2 0 4 6 5 7 3
0 22 6 1 2 0 3 6 5 7 4
0 24 6 1 2 3 7 6 5 0 4
0 22 6 1 2 0 4 6 5 3 7
0 22 6 1 2 3 4 6 0 5 7
0 20 6 1 2 4 0 5 7 3 6
0 23 6 1 2 6 4 5 7 0 3
0 24 4 1 2 6 4 5 7 3 0
0 23 6 1 2 4 0 5 7 6 3
0 24 4 1 2 4 3 5 7 6 0
0 22 6 1 2 6 3 5 7 0 4
0 24 6 1 2 3 6 5 0 7 4
0 24 6 1 2 3 6 5 7 4 0
0 20 6 1 3 7 4 5 2 0 6
0 21 4 1 3 7 4 5 2 6 0
0 20 6 1 3 4 0 5 2 7 6
0 24 6 1 2 7 4 6 5 0 3
0 25 4 1 2 7 4 6 5 3 0
0 24 6 1 2 4 0 6 5 7 3
0 25 4 1 2 4 3 6 5 7 0
0 23 6 1 2 7 3 6 5 0 4
0 25 6 1 2 3 7 6 5 4 0
0 23 6 1 2 4 0 6 5 3 7
0 23 6 1 2 3 4 0 6 5 7
0 25 4 1 2 3 4 7 6 5 0
0 21 6 1 2 4 6 5 7 3 0
0 23 6 1 2 4 3 5 7 0 6
0 24 6 1 2 6 4 5 0 7 3
0 25 6 1 2 6 0 5 7 3 4
0 25 6 1 2 4 3 5 7 0 6
0 23 6 1 2 6 3 5 0 7 4
0 23 6 1 2 6 3 5 7 4 0
0 25 6 1 2 3 0 5 7 4 6
0 22 6 1 3 7 0 5 2 6 4
0 24 6 1 3 0 4 5 2 6 7
0 21 6 1 3 4 6 5 2 7 0
0 26 6 1 2 7 0 6 5 3 4
0 26 6 1 2 4 3 6 5 0 7
0 24 6 1 2 7 3 6 5 4 0
0 26 6 1 2 3 0 6 5 4 7
0 24 6 1 2 4 7 6 5 3 0
0 26 6 1 2 4 3 6 5 0 7
0 26 6 1 2 3 0 7 6 5 4
0 26 6 1 2 3 4 7 6 0 5
0 24 6 1 2 4 3 5 0 7 6
0 26 6 1 2 4 3 5 0 7 6
0 25 6 1 3 6 4 5 2 0 7
0 26 4 1 3 6 4 5 2 7 0
0 25 6 1 0 3 4 5 2 6 7
0 26 4 1 2 3 4 5 0 6 7
0 27 2 1 2 3 4 5 6 0 7
