0 0 0 5 6 3 4 0 2 1 7
0 1 8 0 6 3 4 5 2 1 7
0 2 8 6 0 3 4 5 2 1 7
0 3 6 6 2 3 4 5 0 1 7
0 4 6 6 2 3 4 5 1 0 7
0 5 4 6 2 3 4 5 1 7 0
0 8 4 0 2 3 4 5 1 7 6
0 11 2 1 2 3 4 5 0 7 6
0 12 4 1 0 3 4 5 2 7 6
0 12 4 1 2 3 4 0 5 7 6
0 12 4 1 2 3 4 5 7 0 6
0 14 4 1 2 3 4 6 5 7 0
0 13 4 1 2 3 4 5 7 6 0
0 6 6 6 2 3 0 5 1 7 4
0 7 6 6 2 3 4 0 1 7 5
0 8 6 6 2 0 4 5 1 7 3
0 9 6 5 2 3 4 0 1 7 6
0 9 6 2 0 3 4 5 1 7 6
0 10 6 4 2 3 0 5 1 7 6
0 13 6 0 1 3 4 5 2 7 6
0 13 6 1 3 0 4 5 2 7 6
0 13 6 0 2 3 4 1 5 7 6
0 15 6 1 0 3 4 2 5 7 6
0 15 6 1 2 3 0 4 5 7 6
0 13 6 1 2 0 4 5 7 3 6
0 15 6 1 2 3 0 6 5 7 4
0 15 6 1 2 3 4 6 5 0 7
0 17 6 1 2 0 4 6 5 7 3
0 17 6 0 2 3 4 6 5 7 1
0 14 6 1 2 3 0 5 7 6 4
0 15 6 1 2 3 4 0 7 6 5
0 16 6 1 2 0 4 5 7 6 3
0 16 6 0 2 3 4 5 7 6 1
0 8 6 0 2 3 6 5 1 7 4
0 11 4 1 2 3 6 5 0 7 4
0 8 6 0 2 3 4 6 1 7 5
0 11 4 1 2 3 4 6 0 7 5
0 12 2 1 2 3 4 0 6 7 5
