0 0 0 6 2 7 1 3 0 4 5
13 1 12 6 2 7 1 0 3 4 5
12 4 8 6 0 7 1 2 3 4 5
13 1 12 6 2 7 1 3 4 0 5
12 2 10 6 2 0 1 3 4 7 5
13 3 10 6 2 7 1 5 3 4 0
13 5 8 0 6 7 1 2 3 4 5
13 5 8 6 7 0 1 2 3 4 5
13 3 10 6 2 1 0 3 4 7 5
14 2 12 0 2 7 1 6 3 4 5
12 4 8 1 2 7 0 6 3 4 5
13 5 8 1 2 0 7 6 3 4 5
14 2 12 6 2 7 1 3 4 5 0
14 4 10 6 2 7 0 5 3 4 1
14 4 10 6 2 7 1 5 3 0 4
13 5 8 6 2 0 1 5 3 7 4
14 6 8 6 7 1 0 2 3 4 5
14 4 10 6 2 1 5 3 4 7 0
14 6 8 1 0 2 7 6 3 4 5
14 6 8 6 2 1 0 5 3 7 4
13 7 6 6 2 1 4 5 3 7 0
15 1 14 6 0 7 1 3 2 4 5
15 3 12 6 0 2 1 3 4 7 5
15 7 8 1 6 7 0 2 3 4 5
15 5 10 0 2 1 6 3 4 7 5
15 5 10 1 2 7 5 6 3 4 0
15 7 8 1 2 7 4 6 3 0 5
14 8 6 1 2 0 4 6 3 7 5
15 7 8 1 2 7 6 0 3 4 5
15 3 12 6 2 7 0 3 4 5 1
15 5 10 0 2 7 1 3 4 5 6
15 5 10 6 2 0 7 5 3 4 1
15 7 8 6 2 7 4 5 3 0 1
14 8 6 6 2 0 4 5 3 7 1
14 8 6 6 2 0 4 5 3 7 1
15 5 10 6 2 7 1 5 0 3 4
16 4 12 6 2 7 0 1 3 4 5
16 6 10 6 2 0 1 5 3 4 7
16 6 10 0 2 7 1 5 3 4 6
16 6 10 6 2 1 3 0 4 7 5
16 6 10 1 2 4 7 6 3 0 5
16 4 12 6 2 7 1 0 4 5 3
16 6 10 0 2 7 6 5 3 4 1
16 6 10 6 0 2 1 5 3 7 4
16 8 8 0 7 1 6 2 3 4 5
16 6 10 6 2 1 5 0 4 7 3
16 8 8 0 2 1 6 5 3 7 4
16 8 8 6 2 1 4 5 3 0 7
16 10 6 0 2 1 4 5 3 7 6
16 2 14 0 6 7 1 3 2 4 5
16 2 14 6 7 0 1 3 2 4 5
16 4 12 6 4 2 1 3 0 7 5
16 4 12 0 6 2 1 3 4 7 5
16 8 8 1 6 0 7 2 3 4 5
16 6 10 3 2 1 6 0 4 7 5
16 6 10 1 2 7 5 6 3 0 4
15 7 8 1 2 0 5 6 3 7 4
16 8 8 1 2 7 4 6 0 3 5
15 9 6 1 2 7 4 0 6 3 5
15 11 4 1 2 7 4 5 6 3 0
16 8 8 1 2 7 4 6 3 5 0
16 8 8 1 2 7 6 3 0 4 5
16 4 12 6 2 0 7 3 4 5 1
16 6 10 3 2 7 1 0 4 5 6
16 6 10 2 0 7 1 3 4 5 6
16 6 10 6 2 4 7 5 3 0 1
16 8 8 6 2 7 4 5 0 3 1
16 8 8 6 2 7 4 5 3 1 0
16 8 8 1 2 7 0 5 3 4 6
16 8 8 6 2 1 3 5 4 7 0
16 4 12 1 6 7 0 3 2 4 5
16 6 10 1 6 2 0 3 4 7 5
16 8 8 3 2 1 6 5 4 7 0
16 8 8 1 2 5 0 6 3 7 4
15 9 6 1 2 5 4 6 3 7 0
16 12 4 1 2 7 4 5 6 0 3
15 13 2 1 2 0 4 5 6 7 3
17 3 14 2 0 7 1 6 3 4 5
17 5 12 3 2 7 1 6 0 4 5
16 6 10 3 2 7 1 0 6 4 5
16 8 8 3 2 7 1 5 6 4 0
17 5 12 5 2 7 1 6 3 4 0
17 5 12 6 2 0 1 3 4 5 7
17 7 10 6 7 1 5 2 3 4 0
17 5 12 6 2 1 5 3 4 0 7
17 7 10 6 2 0 5 3 4 7 1
17 7 10 0 2 1 5 3 4 7 6
17 9 8 6 2 1 4 0 3 7 5
17 7 10 1 2 7 5 0 3 4 6
17 9 8 1 0 2 4 6 3 7 5
17 9 8 1 2 4 0 6 3 7 5
17 9 8 1 2 7 6 5 3 4 0
17 5 12 0 2 7 6 3 4 5 1
17 7 10 1 2 7 0 3 4 5 6
17 9 8 6 0 2 4 5 3 7 1
17 9 8 6 2 4 0 5 3 7 1
17 9 8 6 0 2 4 5 3 7 1
17 9 8 6 2 4 0 5 3 7 1
17 5 12 6 2 7 5 1 3 4 0
17 5 12 6 2 0 7 1 3 4 5
17 7 10 6 2 7 4 1 3 0 5
16 8 8 6 2 0 4 1 3 7 5
17 7 10 6 2 4 1 5 3 0 7
16 8 8 6 2 4 1 5 3 7 0
16 8 8 6 2 4 1 5 3 7 0
17 7 10 6 2 1 0 5 3 4 7
17 7 10 0 2 1 3 6 4 7 5
17 7 10 6 2 1 3 4 0 7 5
17 7 10 1 2 4 7 6 0 3 5
16 8 8 1 2 4 7 0 6 3 5
16 10 6 1 2 4 7 5 6 3 0
17 7 10 1 2 4 7 6 3 5 0
17 5 12 0 2 7 1 6 4 5 3
17 5 12 6 2 7 1 4 0 5 3
17 9 8 1 2 7 6 5 3 4 0
17 7 10 6 3 2 1 5 0 7 4
17 7 10 0 6 2 1 5 3 7 4
17 9 8 7 0 1 6 2 3 4 5
17 7 10 0 2 1 5 6 4 7 3
17 7 10 6 2 1 5 4 0 7 3
17 9 8 6 2 1 0 5 4 7 3
17 9 8 6 2 0 4 5 3 1 7
17 9 8 6 2 1 4 5 0 3 7
17 3 14 3 6 7 1 0 2 4 5
17 3 14 6 7 4 1 3 2 0 5
17 3 14 6 7 1 0 3 2 4 5
17 5 12 6 4 2 1 0 3 7 5
17 5 12 3 6 2 1 0 4 7 5
17 9 8 1 0 6 7 2 3 4 5
17 7 10 3 2 1 6 4 0 7 5
17 7 10 1 2 7 5 6 0 3 4
16 8 8 1 2 7 5 0 6 3 4
17 5 12 6 2 5 7 3 4 0 1
17 5 12 6 0 2 7 3 4 5 1
17 7 10 2 7 0 1 3 4 5 6
17 7 10 6 2 4 7 5 0 3 1
17 7 10 6 2 4 7 5 3 1 0
17 9 8 1 2 7 6 5 3 4 0
17 9 8 1 2 0 7 5 3 4 6
17 11 6 1 2 7 4 5 3 0 6
16 12 4 1 2 0 4 5 3 7 6
17 9 8 6 2 1 0 5 4 7 3
17 5 12 1 6 7 5 3 2 4 0
17 5 12 1 6 0 7 3 2 4 5
17 7 10 1 6 7 4 3 2 0 5
16 8 8 1 6 0 4 3 2 7 5
17 7 10 1 6 2 5 3 4 7 0
17 7 10 1 6 0 2 3 4 7 5
17 9 8 3 2 1 0 5 4 7 6
17 11 6 1 2 5 4 0 3 7 6
17 7 10 0 2 7 1 3 6 4 5
17 9 8 3 2 7 0 5 6 4 1
17 9 8 3 2 7 1 5 6 0 4
16 10 6 3 2 0 1 5 6 7 4
17 11 6 1 2 4 0 5 6 3 7
16 12 4 1 2 0 4 5 6 3 7
14 13 1 1 2 3 4 5 6 0 7
