0 0 0 6 2 7 1 3 0 4 5
0 1 12 6 2 7 1 0 3 4 5
0 4 8 6 0 7 1 2 3 4 5
0 5 8 0 6 7 1 2 3 4 5
0 5 8 6 7 0 1 2 3 4 5
0 7 8 1 6 7 0 2 3 4 5
0 6 8 6 7 1 0 2 3 4 5
0 8 8 1 6 0 7 2 3 4 5
0 10 8 1 6 7 2 0 3 4 5
0 8 8 0 7 1 6 2 3 4 5
0 9 8 1 0 6 7 2 3 4 5
0 13 8 1 0 7 2 6 3 4 5
0 9 8 7 0 1 6 2 3 4 5
0 10 8 0 1 6 7 2 3 4 5
0 14 8 1 7 0 2 6 3 4 5
0 10 8 7 1 0 6 2 3 4 5
0 12 8 7 1 6 0 2 3 4 5
0 15 8 1 7 2 0 6 3 4 5
0 11 8 7 1 6 0 2 3 4 5
0 18 8 1 7 2 6 0 3 4 5
0 21 8 1 0 2 6 7 3 4 5
0 22 8 1 2 0 6 7 3 4 5
0 23 8 1 2 6 0 7 3 4 5
0 26 8 1 2 6 4 7 3 0 5
0 26 8 1 2 6 7 0 3 4 5
0 27 8 1 2 0 4 7 3 6 5
0 27 8 1 2 6 4 7 0 3 5
0 27 8 1 2 6 4 7 3 5 0
0 27 8 1 2 6 7 3 0 4 5
0 28 8 1 2 6 7 5 3 4 0
0 28 8 1 2 6 4 0 7 3 5
0 30 6 1 2 6 4 5 7 3 0
0 31 6 1 2 6 4 5 7 0 3
0 32 4 1 2 6 4 5 0 7 3
0 33 6 1 2 0 4 5 7 3 6
0 34 4 1 2 3 4 5 7 0 6
0 35 2 1 2 3 4 5 0 7 6
0 35 4 1 2 3 4 5 7 6 0
0 36 4 1 0 3 4 5 2 7 6
0 36 4 1 2 3 4 0 5 7 6
0 38 4 1 2 3 4 6 5 7 0
0 32 6 1 2 0 4 5 7 6 3
0 33 6 1 0 6 4 5 2 7 3
0 33 6 1 2 6 4 0 5 7 3
0 36 6 1 2 3 0 5 7 6 4
0 37 6 1 2 3 4 0 7 6 5
0 38 6 1 2 0 4 5 7 6 3
0 38 6 0 2 3 4 5 7 6 1
0 37 6 0 1 3 4 5 2 7 6
0 37 6 1 3 0 4 5 2 7 6
0 37 6 0 2 3 4 1 5 7 6
0 39 6 1 0 3 4 2 5 7 6
0 39 6 1 2 3 0 4 5 7 6
0 39 6 1 2 3 0 6 5 7 4
0 39 6 1 2 3 4 6 5 0 7
0 41 6 1 2 0 4 6 5 7 3
0 41 6 0 2 3 4 6 5 7 1
0 34 6 1 6 0 4 5 2 7 3
0 35 6 1 2 6 4 3 5 7 0
0 39 6 1 2 3 6 5 7 0 4
0 40 4 1 2 3 6 5 0 7 4
0 38 6 1 2 3 4 7 0 6 5
0 39 4 1 2 3 4 7 6 0 5
0 40 4 1 2 3 4 7 6 5 0
0 42 4 1 2 3 4 0 6 5 7
0 41 6 7 2 3 4 5 0 6 1
0 42 4 7 2 3 4 5 6 0 1
0 43 4 7 2 3 4 5 6 1 0
0 46 4 0 2 3 4 5 6 1 7
0 40 6 2 1 3 4 5 0 7 6
0 40 6 6 1 3 4 5 2 7 0
0 40 6 5 2 3 4 1 0 7 6
0 40 6 6 2 3 4 1 5 7 0
0 40 6 1 5 3 4 2 0 7 6
0 40 6 1 2 3 6 4 5 7 0
0 42 6 1 2 3 6 0 5 7 4
0 40 6 1 2 3 4 6 0 5 7
0 42 6 6 2 3 4 0 5 7 1
0 43 4 6 2 3 4 5 0 7 1
0 44 6 5 2 3 4 6 0 7 1
0 45 4 5 2 3 4 0 6 7 1
0 46 2 0 2 3 4 5 6 7 1
