0 0 0 6 1 0 2 5 7 4 3
11 1 10 6 1 4 2 5 7 0 3
10 2 8 6 1 4 2 5 7 3 0
11 1 10 6 1 2 0 5 7 4 3
10 2 8 6 1 2 3 5 7 4 0
11 3 8 6 1 2 3 5 7 0 4
12 2 10 6 1 4 2 5 0 7 3
12 4 8 6 1 2 4 5 7 0 3
11 5 6 6 1 2 4 5 7 3 0
12 4 8 6 1 2 3 5 0 7 4
13 3 10 6 1 4 0 5 7 3 2
13 5 8 6 1 2 4 5 0 7 3
14 4 10 6 1 0 3 5 7 2 4
13 5 8 6 1 3 0 5 7 2 4
12 6 6 6 1 3 4 5 7 2 0
14 6 8 6 1 2 0 5 7 3 4
14 4 10 6 1 0 4 5 7 3 2
13 5 8 6 1 3 4 5 7 0 2
13 5 8 6 1 3 4 5 7 0 2
14 4 10 6 1 0 4 5 7 3 2
14 6 8 6 1 3 4 5 0 7 2
14 6 8 6 1 3 4 5 0 7 2
15 1 14 6 0 1 2 5 7 4 3
15 5 10 6 1 0 2 5 7 3 4
14 6 8 6 1 3 2 5 7 0 4
14 6 8 6 1 3 2 5 7 0 4
15 3 12 6 0 4 2 5 1 7 3
15 3 12 6 1 4 2 0 5 7 3
15 5 10 6 1 0 4 5 7 2 3
15 5 10 6 0 2 3 5 1 7 4
14 6 8 6 2 0 3 5 1 7 4
13 7 6 6 2 3 0 5 1 7 4
12 8 4 6 2 3 4 5 1 7 0
15 5 10 6 1 2 3 0 5 7 4
15 7 8 6 1 3 2 5 0 7 4
15 7 8 6 1 3 2 5 7 4 0
15 7 8 6 1 3 2 5 0 7 4
15 7 8 6 1 3 2 5 7 4 0
15 5 10 6 1 4 2 3 5 7 0
15 7 8 6 2 7 3 5 1 0 4
15 9 6 6 2 3 4 5 1 0 7
16 6 10 6 1 4 3 5 7 0 2
15 7 8 6 1 4 3 5 7 2 0
16 6 10 6 0 2 4 5 1 7 3
15 7 8 6 2 0 4 5 1 7 3
15 7 8 6 2 0 4 5 1 7 3
16 6 10 6 1 2 4 0 5 7 3
16 2 14 6 7 1 2 5 0 4 3
16 2 14 0 6 1 2 5 7 4 3
14 4 10 2 6 1 0 5 7 4 3
13 5 8 2 6 1 3 5 7 4 0
14 6 8 2 6 1 3 5 7 0 4
15 5 10 3 6 1 2 5 7 4 0
15 7 8 2 6 1 4 5 7 0 3
14 8 6 2 6 1 4 5 7 3 0
15 7 8 2 6 1 3 5 0 7 4
16 4 12 0 6 4 2 5 1 7 3
14 6 8 2 6 4 0 5 1 7 3
13 7 6 2 6 4 3 5 1 7 0
15 7 8 1 6 4 2 5 0 7 3
15 7 8 3 6 4 2 5 1 7 0
15 7 8 2 6 0 4 5 1 7 3
16 4 12 6 4 0 2 5 1 7 3
15 5 10 6 4 2 0 5 1 7 3
14 6 8 6 4 2 3 5 1 7 0
16 4 12 0 1 4 2 6 5 7 3
14 6 8 2 1 4 0 6 5 7 3
13 7 6 2 1 4 3 6 5 7 0
15 5 10 1 0 4 2 6 5 7 3
15 7 8 3 1 4 2 6 5 7 0
15 7 8 2 1 0 4 6 5 7 3
16 6 10 6 1 4 0 2 5 7 3
15 7 8 6 1 4 3 2 5 7 0
16 6 10 6 1 4 0 5 7 2 3
16 6 10 0 6 2 3 5 1 7 4
15 9 6 1 6 2 3 5 0 7 4
16 6 10 0 1 2 3 6 5 7 4
15 7 8 1 0 2 3 6 5 7 4
14 8 6 1 2 0 3 6 5 7 4
13 9 4 1 2 3 0 6 5 7 4
12 10 2 1 2 3 4 6 5 7 0
15 9 6 1 2 7 3 6 5 0 4
15 11 4 1 2 3 4 6 5 0 7
16 8 8 6 2 7 3 5 1 4 0
16 8 8 6 2 7 4 5 1 0 3
15 9 6 6 2 7 4 5 1 3 0
16 8 8 6 2 4 0 5 1 7 3
15 9 6 6 2 4 3 5 1 7 0
16 8 8 6 2 7 4 5 1 0 3
16 8 8 6 2 4 0 5 1 7 3
16 8 8 6 1 2 4 3 5 7 0
16 6 10 3 6 1 2 5 7 0 4
16 8 8 2 6 1 4 5 0 7 3
16 8 8 2 0 1 3 5 6 7 4
15 9 6 2 1 0 3 5 6 7 4
14 10 4 2 1 3 0 5 6 7 4
13 11 2 2 1 3 4 5 6 7 0
16 8 8 2 6 4 3 5 1 0 7
16 8 8 1 0 4 2 5 6 7 3
16 8 8 1 6 4 2 5 7 0 3
15 9 6 1 6 4 2 5 7 3 0
16 8 8 2 6 7 4 5 1 0 3
15 9 6 2 6 7 4 5 1 3 0
16 8 8 2 1 4 3 6 5 0 7
16 6 10 1 5 4 2 6 0 7 3
16 6 10 1 4 0 2 6 5 7 3
15 7 8 1 4 2 0 6 5 7 3
14 8 6 1 4 2 3 6 5 7 0
16 8 8 2 1 7 4 6 5 0 3
15 9 6 2 1 7 4 6 5 3 0
16 8 8 3 6 2 0 5 1 7 4
15 9 6 3 6 2 4 5 1 7 0
16 10 6 1 0 2 3 5 6 7 4
15 11 4 1 2 0 3 5 6 7 4
14 12 2 1 2 3 0 5 6 7 4
