0 0 0 6 1 0 2 5 7 4 3
0 1 12 6 1 4 2 5 7 0 3
0 2 10 6 1 4 2 5 0 7 3
0 3 10 6 0 4 2 5 1 7 3
0 4 10 0 6 4 2 5 1 7 3
0 7 8 1 6 4 2 5 0 7 3
0 8 6 1 0 4 2 5 6 7 3
0 9 6 1 4 0 2 5 6 7 3
0 10 6 1 4 2 0 5 6 7 3
0 11 6 1 4 2 3 5 6 7 0
0 14 6 1 4 0 3 5 6 7 2
0 15 4 1 4 3 0 5 6 7 2
0 16 4 1 4 3 2 5 6 7 0
0 15 6 1 0 4 3 5 6 7 2
0 17 6 0 4 3 1 5 6 7 2
0 18 6 1 4 3 7 5 6 0 2
0 18 6 1 4 3 5 0 6 7 2
0 17 6 1 4 3 2 5 6 0 7
0 18 6 1 4 3 2 0 6 7 5
0 19 6 0 4 3 2 5 6 7 1
0 18 6 4 0 3 1 5 6 7 2
0 20 6 2 4 3 1 5 6 7 0
0 19 6 1 4 3 7 5 6 2 0
0 20 6 1 4 3 5 2 6 7 0
0 21 6 1 0 3 5 4 6 7 2
0 21 6 1 0 3 2 4 6 7 5
0 21 6 1 4 3 0 2 6 7 5
0 20 6 4 0 3 2 5 6 7 1
0 21 6 2 4 3 0 5 6 7 1
0 21 6 2 4 3 0 5 6 7 1
0 20 6 1 4 3 0 5 6 2 7
0 21 6 1 4 3 0 2 6 7 5
0 9 8 0 1 4 2 5 6 7 3
0 10 8 1 4 7 2 5 6 0 3
0 12 8 0 4 2 1 5 6 7 3
0 13 8 1 4 2 7 5 6 0 3
0 13 8 1 4 2 5 0 6 7 3
0 12 8 1 4 2 3 5 6 0 7
0 13 8 1 4 2 3 0 6 7 5
0 14 8 0 4 2 3 5 6 7 1
0 15 8 1 4 7 3 5 6 0 2
0 16 8 1 6 4 3 5 0 7 2
0 16 8 0 1 4 3 5 6 7 2
0 18 8 5 4 3 1 0 6 7 2
0 20 8 6 4 3 1 5 0 7 2
0 19 8 1 4 0 7 5 6 3 2
0 19 8 1 4 3 7 5 0 6 2
0 19 8 0 4 3 5 1 6 7 2
0 19 8 1 4 3 5 6 0 7 2
0 18 8 1 4 0 2 5 6 3 7
0 18 8 1 4 3 2 5 0 6 7
0 19 8 0 4 3 2 1 6 7 5
0 19 8 1 4 3 2 6 0 7 5
0 20 8 5 4 3 2 0 6 7 1
0 22 8 6 4 3 2 5 0 7 1
0 19 8 4 6 3 1 5 0 7 2
0 19 8 4 3 0 1 5 6 7 2
0 21 8 2 4 3 1 5 6 0 7
0 22 8 2 4 3 1 0 6 7 5
0 23 8 2 4 0 1 5 6 7 3
0 21 8 1 4 3 7 0 6 2 5
0 22 8 1 4 0 7 5 6 2 3
0 22 8 0 4 3 7 5 6 2 1
0 21 8 1 4 3 5 2 6 0 7
0 23 8 1 4 0 5 2 6 7 3
0 23 8 0 4 3 5 2 6 7 1
0 22 8 1 6 3 5 4 0 7 2
0 22 8 0 1 3 5 4 6 7 2
0 22 8 1 3 0 5 4 6 7 2
0 22 8 1 6 3 2 4 0 7 5
0 22 8 0 1 3 2 4 6 7 5
0 22 8 1 3 0 2 4 6 7 5
0 22 8 1 4 0 3 2 6 7 5
0 23 8 0 4 3 1 2 6 7 5
0 24 8 1 4 3 7 2 6 0 5
0 21 8 4 6 3 2 5 0 7 1
0 21 8 4 3 0 2 5 6 7 1
0 22 8 2 4 0 3 5 6 7 1
0 24 8 2 4 3 7 5 6 0 1
0 24 8 2 4 3 5 0 6 7 1
0 22 8 2 4 0 3 5 6 7 1
0 24 8 2 4 3 7 5 6 0 1
0 24 8 2 4 3 5 0 6 7 1
0 21 8 1 4 0 3 5 6 2 7
0 22 8 0 4 3 1 5 6 2 7
0 23 8 1 4 3 5 0 6 2 7
0 22 8 1 4 0 3 2 6 7 5
0 23 8 0 4 3 1 2 6 7 5
0 24 8 1 4 3 7 2 6 0 5
0 11 8 2 1 4 0 5 6 7 3
0 12 6 2 1 0 4 5 6 7 3
0 13 6 2 0 1 4 5 6 7 3
0 14 4 0 2 1 4 5 6 7 3
0 17 4 3 2 1 4 5 6 7 0
0 20 4 3 2 0 4 5 6 7 1
0 15 6 5 2 1 4 0 6 7 3
0 16 6 4 2 1 0 5 6 7 3
0 17 6 6 2 1 4 5 0 7 3
0 18 6 3 2 1 0 5 6 7 4
0 18 6 3 2 1 4 5 6 0 7
0 19 6 3 2 1 4 0 6 7 5
0 21 6 3 2 7 4 5 6 0 1
0 21 6 3 0 2 4 5 6 7 1
0 21 6 3 2 4 0 5 6 7 1
0 17 6 5 2 1 4 3 6 7 0
0 17 6 4 2 1 3 5 6 7 0
0 17 6 4 2 0 1 5 6 7 3
0 19 6 3 2 0 1 5 6 7 4
0 20 6 0 2 1 3 5 6 7 4
0 19 6 3 2 0 4 5 6 1 7
0 20 6 0 2 1 4 3 6 7 5
0 22 6 3 2 7 4 5 6 1 0
0 22 6 0 3 2 4 5 6 7 1
0 25 4 1 3 2 4 5 6 7 0
0 28 4 1 3 0 4 5 6 7 2
0 29 2 1 0 3 4 5 6 7 2
0 30 4 1 6 3 4 5 0 7 2
0 30 4 0 1 3 4 5 6 7 2
0 33 4 2 1 3 4 5 6 7 0
0 22 6 3 2 4 1 5 6 7 0
0 23 6 0 2 4 3 5 6 7 1
0 26 4 1 2 4 3 5 6 7 0
0 27 4 1 2 4 0 5 6 7 3
0 28 2 1 2 0 4 5 6 7 3
0 29 4 1 2 0 3 5 6 7 4
0 30 2 1 2 3 0 5 6 7 4
