0 0 0 6 1 5 3 4 2 0 7
0 1 12 6 1 5 3 4 0 2 7
0 1 12 6 1 5 3 4 2 7 0
0 2 12 6 0 5 3 4 1 2 7
0 2 12 6 1 5 3 0 4 2 7
0 2 12 6 1 5 0 4 2 7 3
0 5 10 6 1 5 4 0 2 7 3
0 6 10 0 1 5 4 6 2 7 3
0 7 8 1 0 5 4 6 2 7 3
0 8 6 1 2 5 4 6 0 7 3
0 9 4 1 2 5 4 0 6 7 3
0 11 4 1 2 5 4 3 6 7 0
0 14 4 1 2 0 4 3 6 7 5
0 10 6 0 2 5 4 1 6 7 3
0 12 6 1 0 5 4 2 6 7 3
0 12 6 1 2 5 0 4 6 7 3
0 12 6 1 2 5 0 3 6 7 4
0 12 6 1 2 5 4 3 6 0 7
0 14 6 0 2 5 4 3 6 7 1
0 15 6 1 2 7 4 3 6 0 5
0 15 6 1 0 2 4 3 6 7 5
0 15 6 1 2 4 0 3 6 7 5
0 13 6 3 2 5 4 1 6 7 0
0 13 6 1 5 0 4 2 6 7 3
0 13 6 1 2 5 3 4 6 7 0
0 13 6 1 2 0 5 4 6 7 3
0 13 6 1 2 0 5 3 6 7 4
0 15 6 1 2 5 3 0 6 7 4
0 13 6 1 2 0 4 3 6 5 7
0 15 6 3 2 5 4 0 6 7 1
0 16 6 1 2 7 4 3 6 5 0
0 16 6 1 2 4 5 3 6 7 0
0 18 6 1 2 4 3 0 6 7 5
0 20 4 1 2 4 3 5 6 7 0
0 21 4 1 2 4 0 5 6 7 3
0 22 2 1 2 0 4 5 6 7 3
0 23 4 1 2 0 3 5 6 7 4
0 24 2 1 2 3 0 5 6 7 4
