0 0 0 6 4 3 7 2 0 1 5
11 1 10 6 4 3 7 2 1 0 5
10 2 8 6 4 3 7 2 1 5 0
13 1 12 6 0 3 7 2 4 1 5
12 2 10 6 3 0 7 2 4 1 5
11 3 8 6 3 1 7 2 4 0 5
10 4 6 6 3 1 7 2 4 5 0
13 3 10 6 4 3 0 2 1 5 7
13 3 10 6 3 7 0 2 4 1 5
12 4 8 6 3 7 5 2 4 1 0
13 5 8 6 3 1 0 2 4 5 7
14 2 12 6 4 0 7 2 1 3 5
14 2 12 0 6 3 7 2 4 1 5
13 5 8 5 6 3 7 2 4 1 0
14 4 10 6 3 1 7 2 0 4 5
15 1 14 6 4 3 7 0 2 1 5
13 3 10 6 4 3 7 5 2 1 0
14 4 10 6 4 3 0 5 2 1 7
15 5 10 0 4 3 7 2 1 5 6
14 8 6 1 4 3 7 2 0 5 6
15 7 8 0 3 1 7 2 4 5 6
15 5 10 6 3 7 5 2 4 0 1
15 3 12 6 4 7 0 2 1 3 5
14 4 10 6 4 7 5 2 1 3 0
15 3 12 2 6 3 7 0 4 1 5
15 9 6 1 0 3 7 2 4 5 6
14 10 4 1 3 0 7 2 4 5 6
13 11 2 1 3 5 7 2 4 0 6
