0 0 0 6 4 3 7 2 0 1 5
0 1 12 6 0 3 7 2 4 1 5
0 1 12 6 4 3 7 0 2 1 5
0 3 10 6 4 3 7 5 2 1 0
0 4 10 6 4 3 0 5 2 1 7
0 4 10 6 4 3 7 5 2 0 1
0 6 10 0 4 3 7 5 2 1 6
0 6 10 0 4 3 6 5 2 1 7
0 7 10 6 4 3 1 5 2 0 7
0 8 8 6 4 3 1 5 2 7 0
0 9 8 6 4 3 0 5 2 7 1
0 11 8 0 4 3 1 5 2 7 6
0 13 6 1 4 3 0 5 2 7 6
0 14 6 1 4 3 6 5 2 7 0
0 11 8 0 4 3 6 5 2 7 1
0 12 8 4 0 3 1 5 2 7 6
0 13 6 4 2 3 1 5 0 7 6
0 14 8 2 4 3 1 5 0 7 6
0 14 8 1 4 0 3 5 2 7 6
0 16 8 1 4 3 7 5 2 0 6
0 16 8 1 4 3 5 0 2 7 6
0 15 8 1 4 3 6 5 2 0 7
0 16 8 1 4 3 6 0 2 7 5
0 17 8 1 4 0 6 5 2 7 3
0 17 8 0 4 3 6 5 2 7 1
0 12 8 4 0 3 6 5 2 7 1
0 13 6 4 2 3 6 5 0 7 1
0 14 8 2 4 3 6 5 0 7 1
0 14 8 4 2 3 1 0 5 7 6
0 14 8 4 2 3 1 5 7 0 6
0 15 8 2 0 3 1 5 4 7 6
0 16 6 0 2 3 1 5 4 7 6
0 18 4 1 2 3 0 5 4 7 6
0 19 4 1 2 3 6 5 4 7 0
0 19 6 6 2 3 1 5 4 7 0
0 19 6 1 2 0 3 5 4 7 6
0 21 6 1 2 3 7 5 4 0 6
0 21 6 1 2 3 5 0 4 7 6
0 20 6 1 2 3 6 5 4 0 7
0 21 6 1 2 3 6 0 4 7 5
0 22 6 1 2 0 6 5 4 7 3
0 22 6 0 2 3 6 5 4 7 1
0 20 6 6 2 3 0 5 4 7 1
0 22 6 1 2 3 7 5 0 4 6
0 22 6 1 2 3 7 5 4 6 0
0 22 6 1 2 3 5 4 0 7 6
0 23 6 1 2 3 5 6 4 7 0
0 21 6 1 2 3 6 5 0 4 7
0 22 6 1 2 3 6 4 0 7 5
0 24 6 1 2 3 0 6 4 7 5
0 23 6 1 2 6 0 5 4 7 3
0 24 6 6 2 3 0 5 4 7 1
0 23 6 1 2 3 0 5 4 6 7
0 24 6 1 2 3 0 6 4 7 5
0 24 6 1 2 6 3 5 4 7 0
0 15 8 1 0 4 3 5 2 7 6
0 16 6 1 2 4 3 5 0 7 6
0 17 8 1 4 3 7 5 0 2 6
0 17 8 1 4 3 7 5 2 6 0
0 17 8 1 4 3 5 2 0 7 6
0 18 8 1 4 3 5 6 2 7 0
0 19 8 1 0 3 5 4 2 7 6
0 16 8 1 4 3 6 5 0 2 7
0 17 8 1 4 3 6 2 0 7 5
0 19 8 1 0 3 6 4 2 7 5
0 19 8 1 4 3 0 6 2 7 5
0 18 8 1 0 4 6 5 2 7 3
0 19 6 1 2 4 6 5 0 7 3
0 18 8 1 4 6 0 5 2 7 3
0 18 8 4 0 3 6 5 2 7 1
0 20 8 2 4 3 6 5 0 7 1
0 14 8 4 2 3 6 0 5 7 1
0 14 8 4 2 3 6 5 7 0 1
0 15 8 2 0 3 6 5 4 7 1
0 15 8 0 2 3 1 4 5 7 6
0 17 6 1 2 3 0 4 5 7 6
0 20 4 1 2 3 4 0 5 7 6
0 21 2 1 2 3 4 5 0 7 6
0 22 4 1 2 3 4 6 5 7 0
0 22 4 1 0 3 4 5 2 7 6
0 22 4 1 2 3 4 5 7 0 6
0 23 4 1 2 3 4 5 7 6 0
0 18 6 1 2 3 6 4 5 7 0
0 21 6 0 2 3 4 1 5 7 6
0 23 6 1 0 3 4 2 5 7 6
0 23 6 1 2 3 0 6 5 7 4
0 23 6 1 2 3 4 6 5 0 7
0 25 6 1 2 0 4 6 5 7 3
0 25 6 0 2 3 4 6 5 7 1
0 23 6 0 1 3 4 5 2 7 6
0 23 6 1 3 0 4 5 2 7 6
0 23 6 1 2 0 4 5 7 3 6
0 24 6 1 2 3 0 5 7 6 4
0 25 6 1 2 3 4 0 7 6 5
0 26 6 1 2 0 4 5 7 6 3
0 26 6 0 2 3 4 5 7 6 1
0 20 6 1 2 3 6 0 5 7 4
0 21 4 1 2 3 6 5 0 7 4
0 24 6 5 2 3 4 1 0 7 6
0 24 6 6 2 3 4 1 5 7 0
0 24 6 1 5 3 4 2 0 7 6
0 26 6 1 2 3 6 0 5 7 4
0 24 6 1 2 3 4 6 0 5 7
0 25 4 1 2 3 4 0 6 5 7
0 27 4 1 2 3 4 7 6 5 0
0 28 4 1 2 3 4 7 6 0 5
0 26 6 6 2 3 4 0 5 7 1
0 27 4 6 2 3 4 5 0 7 1
0 28 6 5 2 3 4 6 0 7 1
0 29 4 5 2 3 4 0 6 7 1
0 30 2 0 2 3 4 5 6 7 1
