0 0 0 4 5 6 0 3 7 2 1
15 1 14 4 5 6 1 3 7 2 0
18 2 16 4 5 6 1 3 7 0 2
19 1 18 4 5 0 6 3 7 2 1
19 3 16 4 5 0 1 3 7 6 2
18 4 14 4 5 1 0 3 7 6 2
19 3 16 4 5 6 1 3 0 7 2
19 5 14 4 5 1 2 3 7 6 0
20 2 18 0 5 6 4 3 7 2 1
15 5 10 1 5 6 4 3 7 2 0
18 6 12 1 5 6 0 3 7 2 4
18 6 12 1 5 6 4 3 7 0 2
19 3 16 3 5 6 4 0 7 2 1
15 5 10 3 5 6 4 1 7 2 0
18 6 12 3 5 6 0 1 7 2 4
18 6 12 3 5 6 4 1 7 0 2
19 3 16 5 0 6 4 3 7 2 1
18 4 14 5 6 0 4 3 7 2 1
17 5 12 5 6 2 4 3 7 0 1
16 6 10 5 6 2 4 3 7 1 0
18 6 12 5 6 2 4 3 0 7 1
19 7 12 1 5 6 4 0 7 2 3
19 7 12 1 5 0 4 3 7 6 2
19 7 12 1 5 6 4 3 0 7 2
19 7 12 3 5 0 4 1 7 6 2
19 7 12 3 5 6 4 1 0 7 2
19 5 14 5 6 4 0 3 7 2 1
18 6 12 5 6 4 1 3 7 2 0
19 7 12 5 6 2 0 3 7 1 4
19 7 12 5 0 2 4 3 6 7 1
18 8 10 5 2 0 4 3 6 7 1
19 7 12 5 6 2 4 0 3 7 1
15 9 6 5 6 2 4 1 3 7 0
18 10 8 5 6 2 0 1 3 7 4
18 10 8 5 6 2 4 1 3 0 7
19 9 10 5 2 7 4 3 6 0 1
18 10 8 5 2 7 4 3 6 1 0
19 9 10 5 2 4 0 3 6 7 1
18 10 8 5 2 4 1 3 6 7 0
19 11 8 5 6 2 4 1 0 3 7
20 4 16 4 5 0 1 3 7 2 6
19 5 14 4 5 1 0 3 7 2 6
20 2 18 4 5 2 6 3 7 0 1
19 3 16 4 5 2 6 3 7 1 0
20 2 18 4 0 5 6 3 7 2 1
19 3 16 4 7 5 6 3 0 2 1
18 4 14 4 7 5 6 3 2 0 1
17 5 12 4 7 5 6 3 2 1 0
18 6 12 4 7 5 0 3 2 1 6
20 4 16 4 0 5 1 3 7 6 2
19 5 14 4 7 5 1 3 0 6 2
20 4 16 4 5 6 1 0 3 7 2
16 6 10 4 5 6 1 2 3 7 0
17 7 10 4 5 6 1 2 3 0 7
18 8 10 4 5 0 1 2 3 6 7
17 9 8 4 5 1 0 2 3 6 7
16 10 6 4 5 1 7 2 3 6 0
19 7 12 4 5 6 0 1 3 7 2
19 7 12 4 5 6 0 2 3 7 1
19 9 10 4 0 5 1 2 3 6 7
18 10 8 4 3 5 1 2 0 6 7
19 11 8 4 5 1 7 2 3 0 6
19 11 8 4 3 5 1 2 6 0 7
20 8 12 1 5 0 4 3 7 2 6
19 9 10 1 5 2 4 3 7 0 6
18 10 8 1 5 2 4 3 7 6 0
20 4 16 3 5 6 4 7 0 2 1
19 5 14 3 5 6 4 7 2 0 1
18 6 12 3 5 6 4 7 2 1 0
20 6 14 3 0 6 4 5 7 2 1
19 7 12 3 6 0 4 5 7 2 1
18 8 10 3 6 2 4 5 7 0 1
17 9 8 3 6 2 4 5 7 1 0
19 9 10 3 6 2 4 5 0 7 1
20 6 14 3 5 6 0 4 7 2 1
19 7 12 3 5 6 1 4 7 2 0
20 8 12 3 5 0 4 1 7 2 6
19 9 10 3 5 2 4 1 7 0 6
18 10 8 3 5 2 4 1 7 6 0
20 4 16 5 7 6 4 3 0 2 1
19 5 14 5 7 6 4 3 2 0 1
18 6 12 5 7 6 4 3 2 1 0
20 8 12 5 6 2 4 0 7 1 3
20 8 12 1 5 6 4 7 0 2 3
19 9 10 1 5 6 4 7 2 0 3
18 10 8 1 5 6 4 7 2 3 0
20 10 10 1 0 6 4 5 7 2 3
19 11 8 1 6 0 4 5 7 2 3
18 12 6 1 6 2 4 5 7 0 3
17 13 4 1 6 2 4 5 7 3 0
19 13 6 1 6 2 4 5 0 7 3
20 8 12 1 5 4 0 3 7 6 2
19 9 10 1 5 4 2 3 7 6 0
20 8 12 1 0 6 4 3 5 7 2
19 9 10 1 6 0 4 3 5 7 2
20 8 12 1 5 6 4 0 3 7 2
18 10 8 1 5 6 4 2 3 7 0
19 11 8 1 5 6 0 2 3 7 4
19 11 8 1 5 6 4 2 3 0 7
20 8 12 3 5 4 0 1 7 6 2
19 9 10 3 5 4 2 1 7 6 0
20 8 12 3 0 6 4 1 5 7 2
19 9 10 3 6 0 4 1 5 7 2
20 8 12 0 6 2 4 5 3 7 1
15 11 4 1 6 2 4 5 3 7 0
18 12 6 1 6 2 0 5 3 7 4
18 12 6 1 6 2 4 5 3 0 7
19 13 6 1 6 2 4 5 0 3 7
20 12 8 5 0 2 4 1 6 3 7
19 13 6 5 2 0 4 1 6 3 7
18 14 4 5 2 3 4 1 6 0 7
17 15 2 5 2 3 4 1 6 7 0
20 6 14 4 5 1 6 3 7 2 0
20 4 16 4 5 2 0 3 7 1 6
20 4 16 4 7 5 6 0 3 2 1
16 6 10 4 7 5 6 1 3 2 0
17 7 10 4 7 5 0 1 3 2 6
19 7 12 4 7 5 6 1 3 0 2
20 6 14 4 7 5 1 0 3 6 2
16 8 8 4 7 5 1 2 3 6 0
19 9 10 4 7 5 0 1 3 6 2
19 9 10 4 7 5 0 2 3 6 1
19 9 10 4 7 5 1 2 3 0 6
20 6 14 4 7 5 1 3 6 0 2
19 7 12 4 7 5 1 3 6 2 0
20 8 12 4 5 6 1 2 0 3 7
20 8 12 4 5 6 2 1 3 7 0
20 10 10 4 5 6 7 1 3 0 2
19 11 8 4 5 6 7 1 3 2 0
20 10 10 4 5 6 7 2 3 0 1
19 11 8 4 5 6 7 2 3 1 0
20 10 10 0 4 5 1 2 3 6 7
16 12 4 1 4 5 0 2 3 6 7
15 13 2 1 4 5 7 2 3 6 0
18 14 4 1 4 5 7 2 3 0 6
19 13 6 1 4 0 5 2 3 6 7
20 12 8 4 3 5 1 2 6 7 0
20 10 10 1 5 2 4 3 0 7 6
20 6 14 3 5 0 4 7 2 6 1
20 8 12 3 6 4 0 5 7 2 1
19 9 10 3 6 4 1 5 7 2 0
20 10 10 3 6 2 0 5 7 1 4
20 10 10 3 0 2 4 5 6 7 1
19 11 8 3 2 0 4 5 6 7 1
20 10 10 3 5 2 4 1 0 7 6
20 6 14 5 7 0 4 3 2 6 1
20 10 10 1 5 0 4 7 2 6 3
20 12 8 1 6 4 0 5 7 2 3
19 13 6 1 6 4 3 5 7 2 0
20 14 6 1 6 2 0 5 7 3 4
20 14 6 1 0 2 4 5 6 7 3
19 15 4 1 2 0 4 5 6 7 3
20 10 10 1 6 7 4 3 5 0 2
19 11 8 1 6 7 4 3 5 2 0
20 10 10 1 6 4 0 3 5 7 2
19 11 8 1 6 4 2 3 5 7 0
20 14 6 1 5 6 7 2 3 0 4
19 15 4 1 5 6 7 2 3 4 0
20 12 8 1 5 0 4 2 3 6 7
19 13 6 1 5 4 0 2 3 6 7
18 14 4 1 5 4 7 2 3 6 0
20 10 10 3 6 7 4 1 5 0 2
19 11 8 3 6 7 4 1 5 2 0
20 10 10 3 6 4 0 1 5 7 2
19 11 8 3 6 4 2 1 5 7 0
20 14 6 1 0 2 4 5 6 3 7
19 15 4 1 2 0 4 5 6 3 7
18 16 2 1 2 3 4 5 6 0 7
