0 0 0 4 5 6 0 3 7 2 1
0 2 12 0 5 6 4 3 7 2 1
0 5 10 1 5 6 4 3 7 2 0
0 6 10 1 5 6 4 3 7 0 2
0 7 8 1 5 6 4 3 0 7 2
0 8 8 1 0 6 4 3 5 7 2
0 8 8 1 5 6 4 0 3 7 2
0 11 6 1 0 6 4 5 3 7 2
0 12 6 1 3 6 4 5 0 7 2
0 12 6 1 6 0 4 5 3 7 2
0 9 8 1 6 0 4 3 5 7 2
0 10 8 1 5 6 4 2 3 7 0
0 12 8 0 1 6 4 5 3 7 2
0 13 8 1 3 6 4 0 5 7 2
0 13 8 1 3 6 4 5 7 0 2
0 13 8 1 6 7 4 5 3 0 2
0 13 8 1 6 4 0 5 3 7 2
0 13 8 1 5 0 4 2 3 7 6
0 15 8 3 1 6 4 5 0 7 2
0 15 8 2 1 6 4 5 3 7 0
0 15 8 1 3 6 4 2 5 7 0
0 14 8 1 3 0 4 5 7 6 2
0 15 6 1 0 3 4 5 7 6 2
0 16 6 1 7 3 4 5 0 6 2
0 17 4 1 7 3 4 5 6 0 2
0 18 4 1 7 3 4 5 6 2 0
0 18 6 1 7 0 4 5 6 3 2
0 19 6 1 7 3 0 5 6 2 4
0 20 6 1 7 3 4 0 6 2 5
0 21 6 1 7 0 4 5 6 2 3
0 21 6 0 7 3 4 5 6 2 1
0 19 6 1 0 7 4 5 6 3 2
0 22 6 1 7 3 2 5 6 0 4
0 23 6 1 0 3 4 7 6 2 5
0 22 6 1 7 2 4 5 6 0 3
0 22 6 1 0 7 4 5 6 2 3
0 22 6 7 0 3 4 5 6 2 1
0 23 6 1 7 3 2 5 6 4 0
0 23 6 1 7 2 4 5 6 3 0
0 24 6 1 7 3 0 5 6 4 2
0 14 8 1 3 6 4 5 7 2 0
0 14 8 1 6 7 4 5 0 3 2
0 14 8 1 6 7 4 5 3 2 0
0 14 8 1 6 4 2 5 3 7 0
0 14 8 1 0 5 4 2 3 7 6
0 16 8 3 0 6 4 5 1 7 2
0 18 8 2 1 0 4 5 3 7 6
0 18 8 1 3 0 4 2 5 7 6
0 19 6 1 0 3 4 2 5 7 6
0 20 6 1 5 3 4 2 0 7 6
0 21 6 1 5 3 4 0 2 7 6
0 24 4 1 0 3 4 5 2 7 6
0 25 2 1 2 3 4 5 0 7 6
0 26 4 1 2 3 4 0 5 7 6
0 26 4 1 2 3 4 5 7 0 6
0 28 4 1 2 3 4 6 5 7 0
0 27 4 1 2 3 4 5 7 6 0
0 23 6 1 5 3 4 6 2 7 0
0 25 6 0 1 3 4 5 2 7 6
0 25 6 1 3 0 4 5 2 7 6
0 27 6 0 2 3 4 1 5 7 6
0 29 6 1 2 3 0 4 5 7 6
0 27 6 1 2 0 4 5 7 3 6
0 29 6 1 2 3 0 6 5 7 4
0 29 6 1 2 3 4 6 5 0 7
0 31 6 1 2 0 4 6 5 7 3
0 31 6 0 2 3 4 6 5 7 1
0 28 6 1 2 3 0 5 7 6 4
0 29 6 1 2 3 4 0 7 6 5
0 30 6 1 2 0 4 5 7 6 3
0 30 6 0 2 3 4 5 7 6 1
0 28 6 2 1 3 4 5 0 7 6
0 28 6 6 1 3 4 5 2 7 0
0 30 6 5 2 3 4 1 0 7 6
0 30 6 6 2 3 4 1 5 7 0
0 30 6 1 2 3 6 4 5 7 0
0 32 6 1 2 3 6 0 5 7 4
0 33 4 1 2 3 6 5 0 7 4
0 30 6 1 2 3 4 6 0 5 7
0 31 4 1 2 3 4 0 6 5 7
0 33 4 1 2 3 4 7 6 5 0
0 34 4 1 2 3 4 7 6 0 5
0 32 6 6 2 3 4 0 5 7 1
0 33 4 6 2 3 4 5 0 7 1
0 34 6 5 2 3 4 6 0 7 1
0 35 4 5 2 3 4 0 6 7 1
0 36 2 0 2 3 4 5 6 7 1
