0 0 0 4 5 6 0 3 7 2 1
0 1 14 4 5 6 1 3 7 2 0
0 2 16 4 5 6 1 3 7 0 2
0 4 16 4 5 0 1 3 7 2 6
0 5 14 4 5 1 0 3 7 2 6
0 6 14 4 5 1 6 3 7 2 0
0 3 16 4 5 0 1 3 7 6 2
0 4 14 4 5 1 0 3 7 6 2
0 5 14 4 5 1 2 3 7 6 0
0 3 16 4 5 6 1 3 0 7 2
0 5 16 4 5 2 1 3 7 0 6
0 6 14 4 5 2 1 3 7 6 0
0 5 16 4 0 5 1 3 7 2 6
0 6 14 4 7 5 1 3 0 2 6
0 7 12 4 7 5 1 3 2 0 6
0 8 10 4 7 5 1 3 2 6 0
0 9 12 4 7 5 0 3 2 6 1
0 7 14 4 7 5 1 0 3 2 6
0 10 10 4 7 5 0 1 3 2 6
0 11 10 4 7 5 6 1 3 2 0
0 9 12 4 7 5 1 6 3 2 0
0 11 12 4 7 0 5 1 3 2 6
0 13 12 4 7 5 2 1 3 0 6
0 14 10 4 7 5 2 1 3 6 0
0 15 10 4 7 5 0 1 3 6 2
0 12 12 4 7 5 6 1 3 0 2
0 12 12 4 7 2 5 1 3 0 6
0 13 10 4 7 2 5 1 3 6 0
0 12 12 4 0 7 5 1 3 2 6
0 13 10 4 3 7 5 1 0 2 6
0 14 8 4 3 7 5 1 2 0 6
0 15 6 4 3 7 5 1 2 6 0
0 16 8 4 3 7 0 1 2 6 5
0 18 8 4 3 0 5 1 2 6 7
0 19 6 4 3 5 0 1 2 6 7
0 20 4 4 3 5 7 1 2 6 0
0 21 6 4 3 5 7 1 2 0 6
0 17 8 4 3 0 7 1 2 6 5
0 19 8 4 3 6 5 1 2 0 7
0 22 8 4 3 5 6 1 2 0 7
0 23 8 4 3 0 7 1 2 6 5
0 23 8 0 3 5 7 1 2 6 4
0 24 6 1 3 5 7 0 2 6 4
0 26 2 1 3 5 7 4 2 6 0
0 25 4 1 3 5 7 2 0 6 4
0 27 4 1 3 5 0 4 2 6 7
0 27 4 1 3 5 7 4 2 0 6
0 26 4 1 3 5 7 2 6 0 4
0 27 2 1 3 5 7 2 6 4 0
0 28 4 1 3 5 0 2 6 4 7
0 26 6 2 3 5 7 1 0 6 4
0 29 6 1 3 0 7 4 2 6 5
0 26 6 1 0 5 7 2 3 6 4
0 28 6 1 3 0 5 4 2 6 7
0 30 6 1 3 5 6 4 2 0 7
0 28 6 1 3 0 7 4 2 5 6
0 28 6 1 3 5 7 4 0 2 6
0 27 6 1 3 0 7 2 6 5 4
0 30 6 1 3 0 7 2 6 4 5
0 29 6 1 3 0 5 2 6 4 7
0 31 6 1 3 5 4 2 6 0 7
0 27 6 2 3 5 7 1 6 0 4
0 28 4 2 3 5 7 1 6 4 0
0 30 6 1 3 6 7 4 2 0 5
0 31 4 1 3 6 7 4 2 5 0
0 30 6 1 3 7 0 4 2 6 5
0 31 4 1 3 7 5 4 2 6 0
0 27 6 1 5 0 7 2 3 6 4
0 29 6 1 3 6 5 4 2 0 7
0 31 6 1 3 5 6 4 2 7 0
0 29 6 1 3 7 0 4 2 5 6
0 29 6 1 3 5 7 0 4 2 6
0 31 4 1 3 5 7 6 4 2 0
0 28 6 1 3 7 0 2 6 5 4
0 31 6 1 3 4 7 2 6 0 5
0 32 4 1 3 4 7 2 6 5 0
0 31 6 1 3 7 0 2 6 4 5
0 32 4 1 3 7 5 2 6 4 0
0 30 6 1 3 4 5 2 6 0 7
0 32 6 1 3 5 4 2 0 6 7
0 32 6 1 3 5 4 2 6 7 0
0 29 6 2 3 5 0 1 6 4 7
0 32 6 1 3 6 0 4 2 5 7
0 32 6 1 3 7 5 4 2 0 6
0 28 6 1 5 6 7 2 3 0 4
0 29 4 1 5 6 7 2 3 4 0
0 28 6 1 5 7 0 2 3 6 4
0 30 6 1 3 6 5 4 2 7 0
0 32 6 1 3 5 0 4 2 7 6
0 30 6 1 3 7 6 4 2 5 0
0 32 6 1 3 7 5 4 2 0 6
0 32 6 1 3 5 0 6 4 2 7
0 32 6 1 3 5 7 6 4 0 2
0 29 6 1 3 7 4 2 6 5 0
0 31 6 1 3 7 5 2 6 0 4
0 32 6 1 3 4 7 2 0 6 5
0 33 6 1 3 4 0 2 6 5 7
0 33 6 1 3 7 5 2 6 0 4
0 31 6 1 3 4 5 2 0 6 7
0 31 6 1 3 4 5 2 6 7 0
0 33 6 1 3 5 0 2 6 7 4
0 30 6 1 5 6 0 2 3 4 7
0 32 6 1 5 0 7 2 3 4 6
0 29 6 1 5 7 4 2 3 6 0
0 32 6 1 3 7 5 2 0 6 4
0 34 6 1 3 7 5 2 0 6 4
0 33 6 1 5 4 7 2 3 0 6
0 34 4 1 5 4 7 2 3 6 0
0 33 6 1 0 5 7 2 3 4 6
0 34 4 1 3 5 7 2 0 4 6
0 35 2 1 3 5 7 2 4 0 6
