0 0 0 2 0 7 6 3 4 5 1
15 1 14 2 4 7 6 3 0 5 1
15 1 14 2 7 0 6 3 4 5 1
14 2 12 2 7 5 6 3 4 0 1
13 3 10 2 7 5 6 3 4 1 0
14 2 12 2 7 6 0 3 4 5 1
13 3 10 2 7 6 1 3 4 5 0
14 4 10 2 7 5 0 3 4 1 6
16 2 14 2 4 7 6 0 3 5 1
12 4 8 2 4 7 6 1 3 5 0
13 5 8 2 4 7 0 1 3 5 6
14 6 8 2 4 0 7 1 3 5 6
13 7 6 2 4 5 7 1 3 0 6
12 8 4 2 4 5 7 1 3 6 0
15 5 10 2 4 7 6 1 3 0 5
15 9 6 2 4 5 0 1 3 6 7
16 2 14 2 4 7 6 3 5 0 1
15 3 12 2 4 7 6 3 5 1 0
16 4 12 2 7 6 1 3 4 0 5
16 8 8 2 4 7 5 1 3 0 6
15 9 6 2 4 7 5 1 3 6 0
16 8 8 2 4 5 7 1 0 3 6
16 4 12 2 4 7 0 3 5 1 6
17 1 16 0 2 7 6 3 4 5 1
12 4 8 1 2 7 6 3 4 5 0
13 5 8 1 2 7 0 3 4 5 6
14 6 8 1 2 0 7 3 4 5 6
13 7 6 1 2 5 7 3 4 0 6
12 8 4 1 2 5 7 3 4 6 0
15 5 10 1 2 7 6 3 4 0 5
15 9 6 1 2 5 0 3 4 6 7
16 2 14 3 2 7 6 0 4 5 1
12 4 8 3 2 7 6 1 4 5 0
13 5 8 3 2 7 0 1 4 5 6
14 6 8 3 2 0 7 1 4 5 6
13 7 6 3 2 5 7 1 4 0 6
12 8 4 3 2 5 7 1 4 6 0
15 5 10 3 2 7 6 1 4 0 5
15 9 6 3 2 5 0 1 4 6 7
16 8 8 1 2 7 5 3 4 0 6
15 9 6 1 2 7 5 3 4 6 0
16 8 8 1 2 5 7 3 0 4 6
16 8 8 3 2 7 5 1 4 0 6
15 9 6 3 2 7 5 1 4 6 0
16 8 8 3 2 5 7 1 0 4 6
17 3 14 2 7 5 6 3 0 4 1
17 5 12 2 7 6 5 3 4 0 1
16 6 10 2 7 6 5 3 4 1 0
17 5 12 2 7 0 5 3 4 1 6
16 6 10 2 7 1 5 3 4 0 6
15 7 8 2 7 1 5 3 4 6 0
17 7 10 2 7 5 1 3 4 0 6
16 8 8 2 7 5 1 3 4 6 0
17 3 14 0 4 7 6 2 3 5 1
12 6 6 1 4 7 6 2 3 5 0
13 7 6 1 4 7 0 2 3 5 6
14 8 6 1 4 0 7 2 3 5 6
13 9 4 1 4 5 7 2 3 0 6
12 10 2 1 4 5 7 2 3 6 0
15 7 8 1 4 7 6 2 3 0 5
15 11 4 1 4 5 0 2 3 6 7
16 10 6 1 4 7 5 2 3 0 6
15 11 4 1 4 7 5 2 3 6 0
16 10 6 1 4 5 7 2 0 3 6
17 5 12 2 4 7 0 6 3 5 1
16 6 10 2 4 7 1 6 3 5 0
17 7 10 2 4 0 6 1 3 5 7
16 8 8 2 4 5 6 1 3 0 7
16 8 8 2 4 5 6 1 3 0 7
16 8 8 2 4 6 0 1 3 5 7
15 9 6 2 4 6 7 1 3 5 0
17 7 10 2 0 4 7 1 3 5 6
16 8 8 2 3 4 7 1 0 5 6
17 5 12 2 7 0 1 3 4 6 5
16 6 10 2 7 1 0 3 4 6 5
16 6 10 2 7 1 0 3 4 6 5
17 9 8 2 0 5 7 1 4 3 6
17 5 12 2 4 0 7 3 5 1 6
16 6 10 2 4 1 7 3 5 0 6
15 7 8 2 4 1 7 3 5 6 0
17 3 14 6 2 7 0 3 4 5 1
16 4 12 6 2 7 1 3 4 5 0
17 7 10 1 2 0 6 3 4 5 7
16 8 8 1 2 5 6 3 4 0 7
16 8 8 1 2 5 6 3 4 0 7
16 8 8 1 2 6 0 3 4 5 7
15 9 6 1 2 6 7 3 4 5 0
17 7 10 1 0 2 7 3 4 5 6
17 3 14 3 2 7 6 4 0 5 1
17 5 12 3 0 7 6 2 4 5 1
17 5 12 3 2 7 0 6 4 5 1
16 6 10 3 2 7 1 6 4 5 0
17 7 10 3 2 0 6 1 4 5 7
16 8 8 3 2 5 6 1 4 0 7
16 8 8 3 2 5 6 1 4 0 7
16 8 8 3 2 6 0 1 4 5 7
15 9 6 3 2 6 7 1 4 5 0
17 7 10 3 0 2 7 1 4 5 6
17 9 8 1 0 5 7 3 2 4 6
17 9 8 1 2 5 7 0 3 4 6
17 9 8 3 0 5 7 1 2 4 6
17 5 12 6 4 7 0 2 3 5 1
16 6 10 6 4 7 1 2 3 5 0
17 9 8 1 4 0 6 2 3 5 7
16 10 6 1 4 5 6 2 3 0 7
16 10 6 1 4 5 6 2 3 0 7
16 10 6 1 4 6 0 2 3 5 7
15 11 4 1 4 6 7 2 3 5 0
17 9 8 1 0 4 7 2 3 5 6
16 10 6 1 3 4 7 2 0 5 6
17 11 6 1 0 5 7 2 4 3 6
17 9 8 2 4 5 6 1 3 7 0
17 9 8 2 4 5 6 1 3 7 0
17 9 8 2 3 4 7 1 5 0 6
16 10 6 2 3 4 7 1 5 6 0
17 7 10 2 4 1 7 3 0 5 6
17 9 8 1 2 5 6 3 4 7 0
17 9 8 1 2 5 6 3 4 7 0
17 9 8 3 2 5 6 1 4 7 0
17 9 8 3 2 5 6 1 4 7 0
17 11 6 1 2 5 7 6 3 4 0
17 11 6 1 4 5 6 2 3 7 0
17 11 6 1 4 5 6 2 3 7 0
17 11 6 1 3 4 7 2 5 0 6
16 12 4 1 3 4 7 2 5 6 0
18 6 12 2 7 0 1 3 4 5 6
17 7 10 2 7 1 0 3 4 5 6
18 6 12 2 4 0 6 1 3 7 5
17 7 10 2 4 6 0 1 3 7 5
16 8 8 2 4 6 5 1 3 7 0
17 9 8 2 4 6 5 1 3 0 7
17 9 8 2 4 6 5 1 3 0 7
18 6 12 2 4 7 6 1 0 3 5
18 10 8 2 4 0 5 1 3 6 7
18 10 8 2 4 7 0 1 3 6 5
18 6 12 1 2 7 6 0 4 5 3
18 8 10 1 2 7 3 0 4 5 6
18 10 8 1 2 5 7 0 4 6 3
18 6 12 1 2 0 6 3 4 7 5
17 7 10 1 2 6 0 3 4 7 5
16 8 8 1 2 6 5 3 4 7 0
17 9 8 1 2 6 5 3 4 0 7
17 9 8 1 2 6 5 3 4 0 7
18 6 12 1 2 7 6 3 0 4 5
18 10 8 1 2 0 5 3 4 6 7
18 6 12 3 2 0 6 1 4 7 5
17 7 10 3 2 6 0 1 4 7 5
16 8 8 3 2 6 5 1 4 7 0
17 9 8 3 2 6 5 1 4 0 7
17 9 8 3 2 6 5 1 4 0 7
18 6 12 3 2 7 6 1 0 4 5
18 10 8 3 2 0 5 1 4 6 7
18 10 8 1 2 7 0 3 4 6 5
18 10 8 3 2 7 0 1 4 6 5
18 4 14 2 7 5 6 0 3 4 1
14 6 8 2 7 5 6 1 3 4 0
15 7 8 2 7 5 0 1 3 4 6
17 7 10 2 7 5 6 1 3 0 4
18 6 12 2 7 0 5 3 4 6 1
17 7 10 2 7 5 0 3 4 6 1
17 7 10 2 7 5 0 3 4 6 1
18 6 12 2 0 7 5 3 4 1 6
18 4 14 4 0 7 6 2 3 5 1
17 5 12 4 3 7 6 2 0 5 1
18 6 12 3 4 7 6 2 0 5 1
18 8 10 1 4 0 6 2 3 7 5
17 9 8 1 4 6 0 2 3 7 5
16 10 6 1 4 6 5 2 3 7 0
17 11 6 1 4 6 5 2 3 0 7
17 11 6 1 4 6 5 2 3 0 7
18 8 10 1 4 7 6 2 0 3 5
18 12 6 1 4 0 5 2 3 6 7
18 12 6 1 4 7 0 2 3 6 5
18 6 12 2 4 0 7 6 3 5 1
17 7 10 2 4 5 7 6 3 0 1
16 8 8 2 4 5 7 6 3 1 0
18 10 8 2 4 6 7 1 3 0 5
18 6 12 2 0 7 1 3 4 6 5
18 10 8 2 5 0 7 1 4 3 6
17 11 6 2 5 3 7 1 4 0 6
16 12 4 2 5 3 7 1 4 6 0
18 8 10 2 4 1 0 3 5 6 7
18 4 14 6 2 0 7 3 4 5 1
17 5 12 6 2 5 7 3 4 0 1
16 6 10 6 2 5 7 3 4 1 0
18 10 8 1 2 6 7 3 4 0 5
18 8 10 1 4 2 7 3 0 5 6
18 4 14 3 0 7 6 4 2 5 1
18 4 14 3 2 7 6 4 5 0 1
17 5 12 3 2 7 6 4 5 1 0
18 6 12 3 4 7 6 2 0 5 1
18 6 12 0 3 7 6 2 4 5 1
13 9 4 1 3 7 6 2 4 5 0
14 10 4 1 3 7 0 2 4 5 6
15 11 4 1 3 0 7 2 4 5 6
14 12 2 1 3 5 7 2 4 0 6
