0 0 0 2 0 7 6 3 4 5 1
0 1 14 2 4 7 6 3 0 5 1
0 1 14 2 7 0 6 3 4 5 1
0 2 12 2 7 5 6 3 4 0 1
0 3 10 2 7 5 6 3 4 1 0
0 4 10 2 7 5 0 3 4 1 6
0 7 10 2 7 5 1 3 4 0 6
0 8 8 2 7 5 1 3 4 6 0
0 9 10 2 7 5 0 3 4 6 1
0 2 12 2 7 6 0 3 4 5 1
0 3 10 2 7 6 1 3 4 5 0
0 5 12 2 7 0 5 3 4 1 6
0 6 10 2 7 1 5 3 4 0 6
0 7 8 2 7 1 5 3 4 6 0
0 8 10 2 7 1 0 3 4 6 5
0 7 12 2 7 5 3 0 4 1 6
0 9 10 2 7 5 3 6 4 1 0
0 8 12 2 7 0 1 3 4 5 6
0 9 10 2 7 1 0 3 4 5 6
0 10 10 2 7 1 6 3 4 5 0
0 8 12 2 7 5 1 3 0 4 6
0 10 12 2 7 5 1 0 4 6 3
0 13 8 2 7 5 0 1 4 6 3
0 14 6 2 7 5 3 1 4 6 0
0 15 8 2 7 5 3 1 4 0 6
0 14 10 2 7 0 5 1 4 6 3
0 16 10 2 7 5 6 1 4 0 3
0 17 8 2 7 5 6 1 4 3 0
0 18 8 2 7 5 0 1 4 3 6
0 17 10 2 7 0 3 1 4 6 5
0 18 8 2 7 3 0 1 4 6 5
0 19 6 2 7 3 5 1 4 6 0
0 20 8 2 7 3 5 1 4 0 6
0 16 10 2 7 0 3 1 4 5 6
0 17 8 2 7 3 0 1 4 5 6
0 18 8 2 7 3 6 1 4 5 0
0 16 10 2 7 5 3 1 0 4 6
0 15 10 2 7 6 5 1 4 0 3
0 16 8 2 7 6 5 1 4 3 0
0 15 10 2 0 7 5 1 4 6 3
0 19 10 2 7 0 5 1 4 3 6
0 18 10 2 7 6 3 1 4 0 5
0 19 8 2 7 6 3 1 4 5 0
0 18 10 2 0 7 3 1 4 6 5
0 21 10 2 7 3 6 1 4 0 5
0 21 10 2 7 0 5 1 4 3 6
0 21 10 2 7 3 5 1 0 4 6
0 17 10 2 0 7 3 1 4 5 6
0 19 10 2 7 3 6 1 4 0 5
0 17 10 2 7 6 0 1 4 3 5
0 19 10 2 7 0 5 1 4 3 6
0 16 10 2 4 7 5 1 0 6 3
0 20 10 2 0 7 5 1 4 3 6
0 20 10 2 7 6 0 1 4 5 3
0 19 10 2 4 7 3 1 0 6 5
0 22 10 2 0 7 5 1 4 3 6
0 18 10 2 4 7 3 1 0 5 6
0 20 10 2 0 7 5 1 4 3 6
0 17 10 2 4 7 5 1 6 0 3
0 18 8 2 4 7 5 1 6 3 0
0 21 10 2 4 7 5 1 0 3 6
0 22 8 2 4 7 5 1 3 0 6
0 23 6 2 4 7 5 1 3 6 0
0 24 8 2 4 7 0 1 3 6 5
0 26 8 2 4 0 5 1 3 6 7
0 27 6 2 4 5 0 1 3 6 7
0 28 4 2 4 5 7 1 3 6 0
0 29 6 2 4 5 7 1 3 0 6
0 25 8 2 4 0 7 1 3 6 5
0 27 8 2 4 6 5 1 3 0 7
0 30 8 2 4 5 6 1 3 0 7
0 31 8 2 4 0 7 1 3 6 5
0 30 8 2 4 0 7 1 3 5 6
0 30 8 2 4 5 7 1 0 3 6
0 26 8 2 4 6 7 1 3 0 5
0 27 6 2 4 6 7 1 3 5 0
0 28 8 2 4 6 5 1 3 7 0
0 31 8 2 4 5 6 1 3 7 0
0 32 8 2 4 6 7 1 3 0 5
0 31 8 2 4 7 0 1 3 5 6
0 31 8 2 0 5 7 1 4 3 6
0 28 8 2 4 6 0 1 3 5 7
0 32 8 2 4 5 0 1 3 7 6
0 32 8 2 4 7 6 1 3 5 0
0 32 8 2 5 0 7 1 4 3 6
0 33 6 2 5 3 7 1 4 0 6
0 34 4 2 5 3 7 1 4 6 0
0 35 6 2 5 3 0 1 4 6 7
0 33 8 2 5 7 0 1 4 3 6
0 34 8 2 5 3 7 1 0 4 6
0 37 8 2 5 0 7 1 4 6 3
0 36 8 2 5 0 3 1 4 6 7
0 38 8 2 5 3 6 1 4 0 7
0 34 8 2 5 7 6 1 4 3 0
0 36 8 2 5 7 3 1 4 0 6
0 37 6 2 5 7 3 1 4 6 0
0 38 8 2 5 6 7 1 4 0 3
0 39 6 2 5 6 7 1 4 3 0
0 38 8 2 0 5 7 1 4 6 3
0 38 8 2 5 7 0 1 4 6 3
0 37 8 2 5 6 3 1 4 0 7
0 37 8 2 0 5 3 1 4 6 7
0 39 8 2 5 3 6 1 4 7 0
0 38 8 2 5 7 0 1 4 6 3
0 40 8 2 5 6 0 1 4 3 7
0 39 8 2 4 5 7 1 0 6 3
0 38 8 2 5 6 3 1 4 7 0
0 38 8 2 4 5 3 1 0 6 7
0 40 8 2 5 3 0 1 4 7 6
0 40 8 2 4 5 7 1 6 0 3
0 41 6 2 4 5 7 1 6 3 0
0 39 8 2 4 5 3 1 6 0 7
0 42 8 2 4 5 0 1 6 3 7
0 40 8 2 4 5 3 1 6 7 0
0 20 10 2 4 7 3 1 6 0 5
0 21 8 2 4 7 3 1 6 5 0
0 23 10 2 4 7 5 1 0 3 6
0 19 10 2 4 7 3 1 5 0 6
0 20 8 2 4 7 3 1 5 6 0
0 21 10 2 4 7 5 1 0 3 6
0 19 10 2 4 7 0 1 6 3 5
0 21 10 2 4 0 5 1 6 3 7
0 22 8 2 4 3 5 1 6 0 7
0 23 8 2 4 3 5 1 0 6 7
0 23 8 2 4 3 5 1 6 7 0
0 24 8 2 0 3 5 1 4 6 7
0 25 6 2 3 0 5 1 4 6 7
0 26 4 2 3 5 0 1 4 6 7
0 27 2 2 3 5 7 1 4 6 0
0 28 4 2 3 5 7 1 4 0 6
0 26 6 2 3 6 5 1 4 0 7
0 29 6 2 3 5 6 1 4 0 7
0 30 6 2 3 0 7 1 4 6 5
0 29 6 2 3 0 7 1 4 5 6
0 29 6 2 3 5 7 1 0 4 6
0 27 6 2 3 6 5 1 4 7 0
0 30 6 2 3 5 6 1 4 7 0
0 31 6 2 3 6 7 1 4 0 5
0 32 4 2 3 6 7 1 4 5 0
0 31 6 2 3 7 0 1 4 6 5
0 32 4 2 3 7 5 1 4 6 0
0 30 6 2 3 7 0 1 4 5 6
0 31 6 2 3 5 0 1 4 7 6
0 33 6 2 3 6 0 1 4 5 7
0 33 6 2 3 7 5 1 4 0 6
0 31 6 2 3 7 6 1 4 5 0
0 33 6 2 3 7 5 1 4 0 6
0 24 8 2 4 3 0 1 6 7 5
0 29 8 2 3 5 1 0 4 6 7
0 29 8 2 3 5 7 0 4 6 1
0 30 8 0 3 5 7 1 4 6 2
0 31 6 1 3 5 7 0 4 6 2
