0 0 0 2 0 7 6 3 4 5 1
0 1 12 0 2 7 6 3 4 5 1
0 4 10 1 2 7 6 3 4 5 0
0 5 10 1 2 7 0 3 4 5 6
0 5 10 1 2 7 6 3 4 0 5
0 6 8 1 2 0 6 3 4 7 5
0 6 8 1 2 7 6 3 0 4 5
0 7 8 1 2 6 0 3 4 7 5
0 7 8 1 2 7 6 0 3 4 5
0 8 8 1 2 6 5 3 4 7 0
0 10 8 1 2 6 3 0 4 7 5
0 12 6 1 2 6 3 5 4 7 0
0 13 6 1 2 6 0 5 4 7 3
0 15 6 1 2 0 3 5 4 7 6
0 16 4 1 2 3 0 5 4 7 6
0 17 4 1 2 3 6 5 4 7 0
0 14 6 1 2 0 6 5 4 7 3
0 18 6 0 2 3 1 5 4 7 6
0 19 6 1 2 3 7 5 4 0 6
0 19 6 1 2 3 5 0 4 7 6
0 18 6 1 2 3 6 5 4 0 7
0 19 6 1 2 3 6 0 4 7 5
0 20 6 1 2 0 6 5 4 7 3
0 20 6 0 2 3 6 5 4 7 1
0 21 6 4 2 3 1 5 0 7 6
0 21 6 6 2 3 1 5 4 7 0
0 20 6 1 2 3 7 5 0 4 6
0 20 6 1 2 3 7 5 4 6 0
0 20 6 1 2 3 5 4 0 7 6
0 21 6 1 2 3 5 6 4 7 0
0 19 6 1 2 3 6 5 0 4 7
0 20 6 1 2 3 6 4 0 7 5
0 22 6 1 2 3 0 6 4 7 5
0 22 6 6 2 3 0 5 4 7 1
0 23 6 4 2 3 6 5 0 7 1
0 22 6 6 2 3 0 5 4 7 1
0 21 6 1 2 3 0 5 4 6 7
0 22 6 1 2 3 0 6 4 7 5
0 9 8 1 2 7 6 5 3 4 0
0 10 8 1 0 7 6 2 3 4 5
0 10 8 1 2 7 0 6 3 4 5
0 10 8 1 2 6 5 0 4 7 3
0 11 8 1 2 0 5 3 4 7 6
0 11 8 1 2 6 3 4 0 7 5
0 13 8 1 2 6 3 5 4 0 7
0 15 8 0 2 6 3 5 4 7 1
0 15 8 0 2 6 1 5 4 7 3
0 16 8 1 2 6 7 5 4 0 3
0 16 8 1 2 6 5 0 4 7 3
0 16 8 1 2 7 3 5 4 0 6
0 16 8 1 0 2 3 5 4 7 6
0 15 8 1 2 7 6 5 4 0 3
0 15 8 1 0 2 6 5 4 7 3
0 19 8 5 2 3 1 0 4 7 6
0 19 8 2 0 3 1 5 4 7 6
0 20 8 1 2 0 7 5 4 3 6
0 20 8 0 2 3 5 1 4 7 6
0 22 8 1 0 3 5 2 4 7 6
0 19 8 1 2 0 6 5 4 3 7
0 20 8 0 2 3 6 1 4 7 5
0 22 8 1 0 3 6 2 4 7 5
0 21 8 1 2 7 6 5 4 0 3
0 21 8 1 0 2 6 5 4 7 3
0 21 8 5 2 3 6 0 4 7 1
0 21 8 2 0 3 6 5 4 7 1
0 22 8 4 0 3 1 5 2 7 6
0 22 8 4 2 3 1 0 5 7 6
0 22 8 4 2 3 1 5 7 0 6
0 22 8 6 2 3 1 5 4 0 7
0 23 8 6 2 3 1 0 4 7 5
0 24 8 6 2 0 1 5 4 7 3
0 21 8 1 0 3 7 5 2 4 6
0 21 8 1 2 3 7 0 5 4 6
0 22 8 1 2 3 7 0 4 6 5
0 23 8 1 2 0 7 5 4 6 3
0 23 8 0 2 3 7 5 4 6 1
0 21 8 1 0 3 5 4 2 7 6
0 21 8 1 2 3 5 4 7 0 6
0 22 8 1 2 3 5 6 4 0 7
0 24 8 1 2 0 5 6 4 7 3
0 24 8 0 2 3 5 6 4 7 1
0 20 8 1 0 3 6 5 2 4 7
0 20 8 1 2 3 6 0 5 4 7
0 21 8 1 0 3 6 4 2 7 5
0 21 8 1 2 3 6 4 7 0 5
0 23 8 1 2 0 3 6 4 7 5
0 24 8 0 2 3 1 6 4 7 5
0 25 8 1 2 3 7 6 4 0 5
0 23 8 6 2 0 3 5 4 7 1
0 25 8 6 2 3 7 5 4 0 1
0 25 8 6 2 3 5 0 4 7 1
0 24 8 4 0 3 6 5 2 7 1
0 24 8 4 2 3 6 0 5 7 1
0 24 8 4 2 3 6 5 7 0 1
0 23 8 6 2 0 3 5 4 7 1
0 25 8 6 2 3 7 5 4 0 1
0 25 8 6 2 3 5 0 4 7 1
0 22 8 1 2 0 3 5 4 6 7
0 23 8 0 2 3 1 5 4 6 7
0 24 8 1 2 3 5 0 4 6 7
0 23 8 1 2 0 3 6 4 7 5
0 24 8 0 2 3 1 6 4 7 5
0 25 8 1 2 3 7 6 4 0 5
0 10 8 1 2 7 0 5 3 4 6
0 13 6 1 2 7 4 5 3 0 6
0 14 4 1 2 0 4 5 3 7 6
0 14 6 1 2 7 4 5 0 3 6
0 14 6 1 2 7 4 5 3 6 0
0 15 6 1 0 2 4 5 3 7 6
0 15 6 1 2 4 0 5 3 7 6
0 17 6 1 2 0 4 5 3 6 7
0 16 6 1 3 2 4 5 0 7 6
0 16 6 1 2 4 6 5 3 7 0
0 18 6 1 2 6 4 5 3 0 7
0 19 4 1 2 6 4 5 3 7 0
0 19 6 1 2 0 6 5 3 7 4
0 19 6 1 2 6 4 5 0 3 7
0 20 6 1 2 6 0 5 3 7 4
0 21 6 1 2 6 4 0 3 7 5
0 22 6 0 2 6 4 5 3 7 1
0 20 6 1 2 6 0 5 3 7 4
0 22 6 1 2 6 4 3 0 7 5
0 25 6 3 2 6 4 5 0 7 1
0 10 8 1 2 7 6 5 3 0 4
0 12 8 1 2 0 6 5 3 4 7
0 11 8 0 1 7 6 2 3 4 5
0 11 8 1 7 0 6 2 3 4 5
0 11 8 1 2 0 7 6 3 4 5
0 13 8 1 2 7 4 6 3 0 5
0 14 6 1 2 0 4 6 3 7 5
0 11 8 1 2 6 5 4 0 7 3
0 12 8 1 2 5 0 3 4 7 6
0 14 8 1 2 0 3 5 4 6 7
0 14 8 1 2 6 3 5 0 4 7
0 17 8 3 2 6 0 5 4 7 1
0 18 8 4 2 6 3 5 0 7 1
0 18 8 4 2 6 1 5 0 7 3
0 18 8 3 2 6 1 5 4 7 0
0 17 8 1 2 0 7 5 4 6 3
0 17 8 1 2 6 7 5 0 4 3
0 17 8 1 2 6 7 5 4 3 0
0 17 8 1 2 6 5 4 0 7 3
0 17 8 1 2 7 3 5 0 4 6
0 17 8 1 2 7 3 5 4 6 0
0 17 8 1 4 2 3 5 0 7 6
0 16 8 1 2 7 6 5 0 4 3
0 16 8 1 2 7 6 5 4 3 0
0 16 8 1 4 2 6 5 0 7 3
0 20 8 5 2 3 1 4 0 7 6
0 21 8 5 2 3 1 6 4 7 0
0 22 8 5 2 3 0 1 4 7 6
0 20 8 2 4 3 1 5 0 7 6
0 21 8 1 2 7 0 5 4 3 6
0 22 8 5 2 3 0 1 4 7 6
0 23 8 4 2 3 5 1 0 7 6
0 23 8 6 2 3 5 1 4 7 0
0 23 8 1 4 3 5 2 0 7 6
0 20 8 1 2 6 0 5 4 3 7
0 22 8 6 2 3 0 1 4 7 5
0 23 8 4 2 3 6 1 0 7 5
0 23 8 5 2 3 6 1 4 7 0
0 23 8 1 4 3 6 2 0 7 5
0 22 8 1 2 7 6 5 0 4 3
0 22 8 1 2 7 6 5 4 3 0
0 22 8 1 4 2 6 5 0 7 3
0 22 8 5 2 3 6 4 0 7 1
0 23 8 5 2 3 6 1 4 7 0
0 24 8 5 2 3 0 6 4 7 1
0 22 8 2 4 3 6 5 0 7 1
0 23 8 0 4 3 1 5 2 7 6
0 25 6 1 4 3 0 5 2 7 6
0 26 6 1 4 3 6 5 2 7 0
0 23 8 0 2 3 1 4 5 7 6
0 25 6 1 2 3 0 4 5 7 6
0 28 4 1 2 3 4 0 5 7 6
0 29 2 1 2 3 4 5 0 7 6
0 30 4 1 2 3 4 6 5 7 0
0 30 4 1 0 3 4 5 2 7 6
0 30 4 1 2 3 4 5 7 0 6
0 31 4 1 2 3 4 5 7 6 0
0 26 6 1 2 3 6 4 5 7 0
0 29 6 0 2 3 4 1 5 7 6
0 31 6 1 0 3 4 2 5 7 6
0 31 6 1 2 3 0 6 5 7 4
0 31 6 1 2 3 4 6 5 0 7
0 33 6 1 2 0 4 6 5 7 3
0 33 6 0 2 3 4 6 5 7 1
0 31 6 0 1 3 4 5 2 7 6
0 31 6 1 3 0 4 5 2 7 6
0 31 6 1 2 0 4 5 7 3 6
0 32 6 1 2 3 0 5 7 6 4
0 33 6 1 2 3 4 0 7 6 5
0 34 6 1 2 0 4 5 7 6 3
0 34 6 0 2 3 4 5 7 6 1
0 28 6 1 2 3 6 0 5 7 4
0 29 4 1 2 3 6 5 0 7 4
0 32 6 5 2 3 4 1 0 7 6
0 32 6 6 2 3 4 1 5 7 0
0 32 6 1 5 3 4 2 0 7 6
0 34 6 1 2 3 6 0 5 7 4
0 32 6 1 2 3 4 6 0 5 7
0 33 4 1 2 3 4 0 6 5 7
0 35 4 1 2 3 4 7 6 5 0
0 36 4 1 2 3 4 7 6 0 5
0 34 6 6 2 3 4 0 5 7 1
0 35 4 6 2 3 4 5 0 7 1
0 36 6 5 2 3 4 6 0 7 1
0 37 4 5 2 3 4 0 6 7 1
0 38 2 0 2 3 4 5 6 7 1
