0 0 0 0 4 5 2 6 7 1 3
16 2 14 2 4 5 0 6 7 1 3
15 3 12 2 4 5 3 6 7 1 0
17 3 14 3 4 5 2 6 7 1 0
18 4 14 2 4 5 3 6 7 0 1
18 4 14 3 4 5 0 6 7 1 2
19 1 18 6 4 5 2 0 7 1 3
18 4 14 6 4 5 0 2 7 1 3
17 5 12 6 4 5 3 2 7 1 0
19 1 18 4 0 5 2 6 7 1 3
18 2 16 4 5 0 2 6 7 1 3
17 3 14 4 5 1 2 6 7 0 3
16 4 12 4 5 1 2 6 7 3 0
17 3 14 4 5 2 0 6 7 1 3
16 4 12 4 5 2 3 6 7 1 0
18 4 14 4 5 1 2 6 0 7 3
19 3 16 2 4 0 5 6 7 1 3
18 4 14 2 4 1 5 6 7 0 3
17 5 12 2 4 1 5 6 7 3 0
18 6 12 2 4 1 0 6 7 3 5
19 5 14 2 4 5 1 6 7 0 3
18 6 12 2 4 5 1 6 7 3 0
19 5 14 2 4 5 3 0 7 1 6
19 5 14 2 4 0 3 6 7 5 1
18 6 12 2 4 3 0 6 7 5 1
17 7 10 2 4 3 1 6 7 5 0
19 5 14 2 4 5 3 6 0 7 1
19 3 16 6 4 5 2 3 7 1 0
19 5 14 4 5 1 0 6 7 3 2
19 5 14 0 5 2 4 6 7 1 3
18 6 12 5 0 2 4 6 7 1 3
17 7 10 5 2 0 4 6 7 1 3
16 8 8 5 2 1 4 6 7 0 3
15 9 6 5 2 1 4 6 7 3 0
17 9 8 5 2 1 4 6 0 7 3
18 8 10 3 5 2 4 6 7 1 0
18 8 10 5 2 4 0 6 7 1 3
17 9 8 5 2 4 3 6 7 1 0
18 10 8 5 2 1 0 6 7 3 4
18 10 8 5 2 1 4 0 6 7 3
18 12 6 5 2 1 4 3 6 7 0
19 5 14 4 5 2 3 6 7 0 1
19 5 14 4 0 1 2 6 5 7 3
18 6 12 4 1 0 2 6 5 7 3
17 7 10 4 1 2 0 6 5 7 3
16 8 8 4 1 2 3 6 5 7 0
19 5 14 4 5 1 2 0 6 7 3
19 5 14 2 4 1 5 6 0 7 3
19 7 12 5 7 2 4 6 0 1 3
18 8 10 5 7 2 4 6 1 0 3
17 9 8 5 7 2 4 6 1 3 0
19 11 8 0 2 1 4 5 6 7 3
18 14 4 3 2 1 4 5 6 7 0
19 7 12 4 1 7 2 6 5 0 3
18 8 10 4 1 7 2 6 5 3 0
19 9 10 0 1 2 4 6 5 7 3
18 10 8 1 0 2 4 6 5 7 3
17 11 6 1 2 0 4 6 5 7 3
18 12 6 3 1 2 4 6 5 7 0
18 12 6 1 2 7 4 6 5 0 3
17 13 4 1 2 7 4 6 5 3 0
18 12 6 1 2 4 0 6 5 7 3
17 13 4 1 2 4 3 6 5 7 0
19 9 10 4 1 2 3 6 5 0 7
19 7 12 4 5 1 2 3 6 7 0
19 11 8 1 5 2 4 6 0 7 3
20 6 14 2 4 0 3 6 7 1 5
19 7 12 2 4 1 3 6 7 0 5
18 8 10 2 4 1 3 6 7 5 0
19 7 12 2 4 1 3 6 7 0 5
19 7 12 2 4 3 0 6 7 1 5
20 4 16 3 4 5 2 6 7 0 1
20 2 18 6 4 5 2 7 0 1 3
19 3 16 6 4 5 2 7 1 0 3
18 4 14 6 4 5 2 7 1 3 0
20 6 14 6 4 5 3 2 7 0 1
20 2 18 4 7 5 2 6 0 1 3
19 3 16 4 7 5 2 6 1 0 3
18 4 14 4 7 5 2 6 1 3 0
19 5 14 4 7 5 0 6 1 3 2
20 6 14 4 5 2 1 6 7 0 3
19 7 12 4 5 2 1 6 7 3 0
20 4 16 2 0 4 5 6 7 1 3
20 6 14 2 4 0 1 6 7 5 3
19 7 12 2 4 1 0 6 7 5 3
19 7 12 2 4 1 0 6 7 5 3
20 6 14 2 4 5 1 6 0 7 3
20 6 14 0 4 5 3 2 7 1 6
18 8 10 3 4 5 0 2 7 1 6
19 9 10 3 4 5 6 2 7 1 0
20 6 14 0 4 5 3 2 7 1 6
20 6 14 2 4 5 3 7 0 1 6
19 7 12 2 4 5 3 7 1 0 6
18 8 10 2 4 5 3 7 1 6 0
20 8 12 2 4 5 0 3 7 1 6
20 6 14 2 0 4 3 6 7 5 1
20 8 12 2 4 3 1 6 7 0 5
20 6 14 2 0 5 3 6 4 7 1
20 6 14 2 4 5 3 0 6 7 1
16 8 8 2 4 5 3 1 6 7 0
17 9 8 2 4 5 3 1 6 0 7
18 10 8 2 4 5 3 1 0 6 7
19 9 10 2 4 5 0 1 6 7 3
19 11 8 2 0 5 3 1 4 6 7
20 4 16 6 4 5 0 3 7 1 2
20 6 14 6 5 2 4 0 7 1 3
20 10 10 5 0 1 4 6 2 7 3
19 11 8 5 1 0 4 6 2 7 3
20 10 10 5 2 4 3 6 7 0 1
20 6 14 4 5 2 3 6 0 7 1
20 6 14 0 4 1 2 6 5 7 3
18 8 10 2 4 1 0 6 5 7 3
17 9 8 2 4 1 3 6 5 7 0
19 9 10 3 4 1 2 6 5 7 0
20 8 12 4 0 1 2 5 6 7 3
19 9 10 4 1 0 2 5 6 7 3
18 10 8 4 1 2 0 5 6 7 3
17 11 6 4 1 2 3 5 6 7 0
20 8 12 4 5 1 0 2 6 7 3
19 9 10 4 5 1 3 2 6 7 0
20 6 14 2 0 1 5 6 4 7 3
19 7 12 2 1 0 5 6 4 7 3
18 8 10 2 1 7 5 6 4 0 3
17 9 8 2 1 7 5 6 4 3 0
18 8 10 2 1 5 0 6 4 7 3
17 9 8 2 1 5 3 6 4 7 0
18 10 8 2 1 5 3 6 4 0 7
19 11 8 2 1 5 7 6 4 0 3
18 12 6 2 1 5 7 6 4 3 0
20 6 14 2 4 1 5 0 6 7 3
17 9 8 2 4 1 0 5 6 7 3
16 10 6 2 4 1 3 5 6 7 0
18 8 10 2 4 1 5 3 6 7 0
19 11 8 2 4 1 3 5 6 0 7
19 9 10 2 4 1 5 3 6 0 7
20 8 12 5 7 2 4 0 6 1 3
20 10 10 5 7 2 0 6 1 3 4
20 12 8 2 0 1 4 5 6 7 3
19 13 6 2 1 0 4 5 6 7 3
20 10 10 6 1 2 4 0 5 7 3
19 11 8 6 1 2 4 5 0 7 3
20 12 8 5 1 2 4 6 0 7 3
20 14 6 1 2 7 0 6 5 3 4
20 14 6 1 2 4 3 6 5 0 7
20 12 8 1 5 2 4 0 6 7 3
20 12 8 1 5 2 4 6 7 0 3
19 13 6 1 5 2 4 6 7 3 0
20 8 12 2 4 1 3 6 0 7 5
20 8 12 2 4 1 3 6 0 7 5
20 8 12 2 4 3 5 6 7 1 0
20 4 16 6 4 0 2 7 1 5 3
19 5 14 6 4 2 0 7 1 5 3
18 6 12 6 4 2 3 7 1 5 0
20 4 16 4 7 0 2 6 1 5 3
19 5 14 4 7 2 0 6 1 5 3
18 6 12 4 7 2 3 6 1 5 0
20 10 10 2 4 5 3 0 1 6 7
20 10 10 2 4 0 3 1 6 5 7
19 11 8 2 4 3 0 1 6 5 7
18 12 6 2 4 3 7 1 6 5 0
20 12 8 2 4 5 7 1 6 0 3
19 13 6 2 4 5 7 1 6 3 0
20 12 8 2 5 0 3 1 4 6 7
19 13 6 2 5 3 0 1 4 6 7
18 14 4 2 5 3 7 1 4 6 0
20 8 12 6 5 2 4 3 7 1 0
20 12 8 5 1 7 4 6 2 0 3
19 13 6 5 1 7 4 6 2 3 0
20 12 8 5 1 4 0 6 2 7 3
19 13 6 5 1 4 3 6 2 7 0
20 10 10 2 4 1 3 6 5 0 7
20 10 10 4 1 7 2 5 6 0 3
19 11 8 4 1 7 2 5 6 3 0
20 12 8 0 1 2 4 5 6 7 3
19 13 6 1 0 2 4 5 6 7 3
18 14 4 1 2 0 4 5 6 7 3
19 13 6 1 0 2 4 5 6 7 3
19 15 4 3 1 2 4 5 6 7 0
19 15 4 1 2 7 4 5 6 0 3
18 16 2 1 2 7 4 5 6 3 0
19 15 4 1 2 4 0 5 6 7 3
18 16 2 1 2 4 3 5 6 7 0
20 12 8 4 1 2 3 5 6 0 7
20 10 10 4 5 1 3 2 6 0 7
20 10 10 2 1 7 0 6 4 3 5
20 10 10 2 4 0 1 5 6 7 3
20 10 10 2 4 1 5 3 0 6 7
20 10 10 5 7 2 4 3 6 1 0
20 14 6 2 1 7 4 5 6 0 3
19 15 4 2 1 7 4 5 6 3 0
20 14 6 2 1 4 0 5 6 7 3
19 15 4 2 1 4 3 5 6 7 0
20 12 8 6 1 2 4 3 5 7 0
20 12 8 6 1 2 4 5 7 0 3
19 13 6 6 1 2 4 5 7 3 0
20 14 6 1 5 2 4 3 6 7 0
20 14 6 1 6 2 4 5 0 7 3
20 14 6 1 6 2 4 5 0 7 3
21 3 18 7 4 5 2 6 0 1 3
20 4 16 7 4 5 2 6 1 0 3
19 5 14 7 4 5 2 6 1 3 0
20 6 14 7 4 5 0 6 1 3 2
21 5 16 2 4 5 6 0 7 1 3
19 7 12 2 4 5 6 3 7 1 0
19 7 12 2 4 5 6 3 7 1 0
21 5 16 3 4 5 2 0 7 1 6
21 5 16 3 4 0 5 6 7 1 2
20 6 14 3 4 1 5 6 7 0 2
19 7 12 3 4 1 5 6 7 2 0
21 7 14 3 4 5 1 6 7 0 2
20 8 12 3 4 5 1 6 7 2 0
21 5 16 6 4 0 5 2 7 1 3
20 6 14 6 4 1 5 2 7 0 3
19 7 12 6 4 1 5 2 7 3 0
21 7 14 6 4 5 1 2 7 0 3
20 8 12 6 4 5 1 2 7 3 0
21 7 14 0 5 1 2 6 7 3 4
19 9 10 2 5 1 0 6 7 3 4
18 10 8 2 5 1 4 6 7 3 0
20 8 12 5 0 1 2 6 7 3 4
19 9 10 5 1 0 2 6 7 3 4
18 10 8 5 1 3 2 6 7 0 4
18 10 8 5 1 2 0 6 7 3 4
17 11 6 5 1 2 4 6 7 3 0
19 11 8 5 1 3 2 6 0 7 4
19 11 8 5 1 3 2 6 7 4 0
20 12 8 5 1 2 4 6 7 0 3
20 12 8 5 1 2 4 6 7 0 3
20 12 8 5 1 3 2 0 6 7 4
21 7 14 0 5 2 3 6 7 1 4
20 8 12 5 0 2 3 6 7 1 4
19 9 10 5 2 0 3 6 7 1 4
18 10 8 5 2 1 3 6 7 0 4
18 10 8 5 2 1 3 6 7 0 4
18 10 8 5 2 3 0 6 7 1 4
17 11 6 5 2 3 4 6 7 1 0
19 9 10 5 2 0 3 6 7 1 4
19 11 8 5 2 1 3 6 0 7 4
19 11 8 5 2 1 3 6 7 4 0
19 11 8 5 2 1 3 6 0 7 4
19 11 8 5 2 1 3 6 7 4 0
20 12 8 5 2 3 4 6 7 0 1
20 12 8 5 2 1 3 0 6 7 4
20 12 8 5 2 1 3 0 6 7 4
21 7 14 2 4 1 5 0 7 3 6
20 10 10 2 4 1 0 5 7 3 6
21 7 14 2 4 0 1 6 7 3 5
21 7 14 2 4 5 0 6 7 3 1
21 7 14 0 5 1 4 6 7 3 2
20 8 12 5 0 1 4 6 7 3 2
19 9 10 5 1 0 4 6 7 3 2
18 10 8 5 1 3 4 6 7 0 2
17 11 6 5 1 3 4 6 7 2 0
19 9 10 5 1 0 4 6 7 3 2
19 11 8 5 1 3 4 6 0 7 2
20 10 10 5 1 4 0 6 7 3 2
19 11 8 5 1 4 2 6 7 3 0
20 12 8 5 1 3 0 6 7 2 4
20 10 10 5 1 4 0 6 7 3 2
20 12 8 5 1 3 4 0 6 7 2
18 14 4 5 1 3 4 2 6 7 0
21 11 10 5 2 1 4 0 7 3 6
21 9 12 3 5 2 0 6 7 1 4
21 9 12 3 5 2 4 6 7 0 1
21 11 10 5 2 4 1 6 7 0 3
20 12 8 5 2 4 1 6 7 3 0
21 11 10 5 2 0 1 6 7 3 4
20 12 8 5 2 3 1 6 7 0 4
20 12 8 5 2 3 1 6 7 0 4
21 13 8 5 2 1 0 3 6 7 4
21 13 8 5 2 1 4 3 6 0 7
21 11 10 0 1 2 3 6 5 7 4
20 12 8 1 0 2 3 6 5 7 4
19 13 6 1 2 0 3 6 5 7 4
18 14 4 1 2 3 0 6 5 7 4
17 15 2 1 2 3 4 6 5 7 0
19 13 6 1 2 0 3 6 5 7 4
20 14 6 1 2 7 3 6 5 0 4
20 14 6 1 2 7 3 6 5 0 4
20 16 4 1 2 3 4 6 5 0 7
20 14 6 1 2 7 3 6 5 0 4
21 9 12 5 7 0 4 6 1 2 3
21 13 8 4 2 1 0 5 6 7 3
20 14 6 4 2 1 3 5 6 7 0
21 15 6 3 2 1 0 5 6 7 4
21 15 6 3 2 1 4 5 6 0 7
21 9 12 4 1 7 0 6 5 3 2
21 13 8 3 1 2 0 6 5 7 4
21 13 8 3 1 2 4 6 5 0 7
21 13 8 1 2 7 4 6 0 5 3
21 7 14 2 0 4 3 6 7 1 5
21 5 16 3 4 0 2 6 7 5 1
20 6 14 3 4 2 0 6 7 5 1
19 7 12 3 4 2 1 6 7 5 0
21 5 16 3 4 5 2 6 0 7 1
21 5 16 6 4 5 0 7 1 3 2
21 7 14 6 4 5 3 2 0 7 1
21 3 18 4 7 5 2 0 6 1 3
18 6 12 4 7 5 0 2 6 1 3
17 7 10 4 7 5 3 2 6 1 0
19 5 14 4 7 5 2 3 6 1 0
20 8 12 4 7 5 3 2 6 0 1
20 6 14 4 7 5 0 3 6 1 2
21 7 14 4 5 2 1 6 0 7 3
21 5 16 0 2 4 5 6 7 1 3
17 7 10 5 2 4 0 6 7 1 3
16 8 8 5 2 4 3 6 7 1 0
19 9 10 5 2 4 3 6 7 0 1
20 8 12 3 2 4 5 6 7 1 0
20 10 10 5 2 4 1 6 7 0 3
19 11 8 5 2 4 1 6 7 3 0
20 10 10 5 2 4 3 6 0 7 1
20 10 10 5 2 4 3 6 0 7 1
21 5 16 2 7 4 5 6 0 1 3
20 6 14 2 7 4 5 6 1 0 3
19 7 12 2 7 4 5 6 1 3 0
20 8 12 2 7 4 0 6 1 3 5
21 5 16 0 2 4 5 6 7 1 3
21 7 14 2 0 4 1 6 7 5 3
21 7 14 2 0 5 1 6 4 7 3
21 7 14 2 4 5 1 0 6 7 3
19 9 10 2 4 5 1 3 6 7 0
20 10 10 2 4 5 1 3 6 0 7
21 7 14 4 0 5 3 2 7 1 6
20 8 12 4 7 5 3 2 0 1 6
19 9 10 4 7 5 3 2 1 0 6
18 10 8 4 7 5 3 2 1 6 0
21 9 12 7 4 5 3 2 0 1 6
20 10 10 7 4 5 3 2 1 0 6
19 11 8 7 4 5 3 2 1 6 0
21 9 12 3 4 0 5 2 7 1 6
20 10 10 3 4 1 5 2 7 0 6
19 11 8 3 4 1 5 2 7 6 0
21 11 10 3 4 5 1 2 7 0 6
20 12 8 3 4 5 1 2 7 6 0
21 7 14 4 0 5 3 2 7 1 6
21 9 12 7 4 5 3 2 0 1 6
21 7 14 2 0 5 3 7 4 1 6
21 9 12 2 4 5 0 7 1 6 3
21 7 14 2 7 4 3 6 0 5 1
20 8 12 2 7 4 3 6 5 0 1
19 9 10 2 7 4 3 6 5 1 0
21 7 14 0 2 4 3 6 7 5 1
16 10 6 1 2 4 3 6 7 5 0
19 11 8 1 2 4 0 6 7 5 3
19 11 8 1 2 4 3 6 7 0 5
20 12 8 1 2 0 4 6 7 5 3
20 12 8 1 2 4 3 6 0 7 5
21 9 12 2 4 3 1 6 0 7 5
21 7 14 2 5 0 3 6 4 7 1
20 8 12 2 5 7 3 6 4 0 1
19 9 10 2 5 7 3 6 4 1 0
20 8 12 2 5 3 0 6 4 7 1
19 9 10 2 5 3 1 6 4 7 0
20 10 10 2 5 3 1 6 4 0 7
21 7 14 0 4 5 3 2 6 7 1
16 10 6 1 4 5 3 2 6 7 0
17 11 6 1 4 5 3 2 6 0 7
18 12 6 1 4 5 3 2 0 6 7
19 9 10 3 4 5 0 2 6 7 1
18 10 8 3 4 5 1 2 6 7 0
19 11 8 1 4 5 0 2 6 7 3
19 13 6 1 0 5 3 2 4 6 7
19 11 8 3 4 5 1 2 6 0 7
20 12 8 1 4 0 3 2 6 5 7
19 13 6 1 4 3 0 2 6 5 7
18 14 4 1 4 3 7 2 6 5 0
20 12 8 3 4 5 7 2 6 0 1
19 13 6 3 4 5 7 2 6 1 0
20 14 6 1 4 5 7 2 6 0 3
19 15 4 1 4 5 7 2 6 3 0
20 14 6 1 5 0 3 2 4 6 7
19 15 4 1 5 3 0 2 4 6 7
18 16 2 1 5 3 7 2 4 6 0
20 12 8 3 4 5 1 2 0 6 7
21 9 12 2 4 5 0 3 6 7 1
21 11 10 2 4 0 3 1 6 7 5
20 12 8 2 4 3 0 1 6 7 5
21 7 14 6 5 2 4 7 0 1 3
20 8 12 6 5 2 4 7 1 0 3
19 9 10 6 5 2 4 7 1 3 0
21 9 12 6 0 2 4 5 7 1 3
20 10 10 6 2 0 4 5 7 1 3
19 11 8 6 2 1 4 5 7 0 3
18 12 6 6 2 1 4 5 7 3 0
20 12 8 6 2 1 4 5 0 7 3
20 12 8 6 2 1 4 5 0 7 3
21 7 14 4 0 2 3 6 5 7 1
20 8 12 4 2 0 3 6 5 7 1
19 9 10 4 2 3 0 6 5 7 1
18 10 8 4 2 3 1 6 5 7 0
21 7 14 4 5 2 3 0 6 7 1
17 9 8 4 5 2 3 1 6 7 0
20 10 10 4 5 2 0 1 6 7 3
20 10 10 4 5 2 3 1 6 0 7
21 7 14 6 4 1 2 0 5 7 3
20 8 12 6 4 1 2 5 0 7 3
21 9 12 5 4 1 2 6 0 7 3
21 9 12 2 4 0 1 6 5 7 3
21 9 12 4 6 1 2 5 0 7 3
21 9 12 0 4 1 2 5 6 7 3
20 12 8 3 4 1 2 5 6 7 0
21 11 10 4 5 1 7 2 6 0 3
20 12 8 4 5 1 7 2 6 3 0
21 9 12 2 1 7 5 6 0 4 3
21 11 10 2 1 7 5 0 4 3 6
21 11 10 2 1 5 3 0 4 7 6
21 11 10 2 1 0 3 6 4 5 7
20 12 8 2 1 3 0 6 4 5 7
19 13 6 2 1 3 7 6 4 5 0
21 11 10 2 1 5 3 6 0 4 7
21 13 8 2 1 5 0 6 4 3 7
21 7 14 0 4 1 5 2 6 7 3
18 10 8 3 4 1 5 2 6 7 0
19 9 10 5 4 1 0 2 6 7 3
18 10 8 5 4 1 3 2 6 7 0
19 11 8 3 4 1 5 2 6 0 7
20 12 8 3 4 1 5 2 0 6 7
21 9 12 2 4 1 0 3 6 7 5
21 9 12 0 7 2 4 5 6 1 3
20 12 8 3 7 2 4 5 6 1 0
21 13 8 2 6 1 4 5 0 7 3
21 13 8 5 1 2 4 0 6 7 3
21 9 12 2 4 1 3 0 6 7 5
21 9 12 2 4 1 3 0 6 7 5
21 9 12 2 4 1 3 0 6 7 5
21 5 16 6 0 4 2 7 1 5 3
20 6 14 6 1 4 2 7 0 5 3
19 7 12 6 1 4 2 7 5 0 3
18 8 10 6 1 4 2 7 5 3 0
21 7 14 6 4 2 3 7 1 0 5
21 5 16 4 0 7 2 6 1 5 3
20 6 14 4 1 7 2 6 0 5 3
20 6 14 4 1 7 2 6 0 5 3
21 7 14 0 7 2 4 6 1 5 3
20 10 10 1 7 2 4 6 0 5 3
19 11 8 1 7 2 4 6 5 0 3
18 12 6 1 7 2 4 6 5 3 0
20 10 10 3 7 2 4 6 1 5 0
21 7 14 4 7 2 3 6 1 0 5
21 11 10 0 4 5 3 2 1 6 7
19 13 6 3 4 5 0 2 1 6 7
18 14 4 3 4 5 7 2 1 6 0
21 13 8 2 4 5 0 3 1 6 7
20 14 6 2 4 5 7 3 1 6 0
21 11 10 2 0 4 3 1 6 5 7
21 13 8 2 4 3 7 1 6 0 5
21 13 8 2 4 5 7 1 0 6 3
21 13 8 2 5 6 3 1 4 0 7
21 15 6 2 5 3 7 1 4 0 6
21 13 8 5 1 2 4 0 6 7 3
21 17 4 1 2 7 0 5 6 3 4
21 17 4 1 2 4 3 5 6 0 7
21 11 10 4 5 1 3 2 0 6 7
21 11 10 2 1 0 7 6 4 3 5
20 12 8 2 1 3 7 6 4 0 5
20 12 8 2 1 3 7 6 4 0 5
21 11 10 2 1 0 7 6 4 3 5
21 11 10 2 4 7 1 5 6 0 3
20 12 8 2 4 7 1 5 6 3 0
21 11 10 2 0 4 1 5 6 7 3
21 11 10 2 0 1 5 3 4 6 7
20 12 8 2 1 0 5 3 4 6 7
19 13 6 2 1 5 0 3 4 6 7
18 14 4 2 1 5 7 3 4 6 0
21 11 10 2 4 1 5 0 3 6 7
21 15 6 1 6 2 4 5 7 0 3
20 16 4 1 6 2 4 5 7 3 0
21 15 6 1 6 2 4 5 7 0 3
21 5 16 7 4 0 2 6 1 5 3
20 6 14 7 4 2 0 6 1 5 3
19 7 12 7 4 2 3 6 1 5 0
21 7 14 3 4 1 5 6 0 7 2
21 7 14 6 4 1 5 2 0 7 3
21 11 10 2 5 1 4 6 7 0 3
21 9 12 5 7 1 2 6 0 3 4
21 13 8 5 1 2 3 6 7 0 4
21 13 8 0 1 3 2 5 6 7 4
19 15 4 2 1 3 0 5 6 7 4
18 16 2 2 1 3 4 5 6 7 0
20 14 6 1 0 3 2 5 6 7 4
21 15 6 5 1 3 0 2 6 7 4
21 9 12 3 5 2 0 6 7 1 4
21 9 12 5 7 2 3 6 0 1 4
20 10 10 5 7 2 3 6 1 0 4
20 10 10 5 7 2 3 6 1 0 4
21 13 8 5 2 3 4 6 0 7 1
21 13 8 0 2 1 3 5 6 7 4
21 13 8 0 2 1 3 5 6 7 4
21 11 10 2 4 1 6 5 7 3 0
21 9 12 5 7 1 4 6 0 3 2
21 13 8 0 1 3 4 5 6 7 2
20 14 6 1 0 3 4 5 6 7 2
21 15 6 5 1 3 0 2 6 7 4
21 15 6 5 1 3 4 2 6 0 7
21 13 8 5 2 3 1 6 0 7 4
21 13 8 5 2 3 1 6 7 4 0
21 13 8 5 2 3 1 6 0 7 4
21 13 8 5 2 3 1 6 7 4 0
21 13 8 3 1 2 0 6 5 7 4
21 13 8 1 5 2 3 6 0 7 4
21 15 6 1 2 7 3 6 5 4 0
21 15 6 1 2 7 3 6 5 4 0
21 15 6 1 2 7 3 6 5 4 0
21 7 14 4 7 0 5 2 6 1 3
20 8 12 4 7 1 5 2 6 0 3
19 9 10 4 7 1 5 2 6 3 0
21 9 12 4 7 5 1 2 6 0 3
20 10 10 4 7 5 1 2 6 3 0
21 9 12 4 7 5 3 2 0 6 1
21 9 12 3 2 4 0 6 7 1 5
21 11 10 5 2 4 1 6 0 7 3
21 11 10 5 2 4 1 6 0 7 3
21 11 10 5 2 4 3 0 6 7 1
17 13 4 5 2 4 3 1 6 7 0
20 14 6 5 2 4 0 1 6 7 3
20 14 6 5 2 4 3 1 6 0 7
21 11 10 5 2 4 3 0 6 7 1
21 7 14 2 7 0 5 6 1 4 3
20 8 12 2 7 5 0 6 1 4 3
19 9 10 2 7 5 3 6 1 4 0
21 9 12 2 7 0 4 6 1 3 5
20 10 10 2 7 3 4 6 1 0 5
19 11 8 2 7 3 4 6 1 5 0
21 11 10 2 4 5 1 3 0 6 7
21 11 10 4 7 5 0 2 1 6 3
21 11 10 3 4 1 5 2 0 7 6
21 9 12 3 2 4 0 6 7 5 1
20 10 10 3 2 4 1 6 7 5 0
21 13 8 1 2 0 3 6 7 5 4
20 14 6 1 2 3 0 6 7 5 4
19 15 4 1 2 3 4 6 7 5 0
21 13 8 1 2 5 4 6 7 0 3
20 14 6 1 2 5 4 6 7 3 0
21 13 8 1 2 4 3 0 6 7 5
17 15 2 1 2 4 3 5 6 7 0
20 16 4 1 2 4 3 5 6 0 7
21 13 8 1 2 4 3 0 6 7 5
21 11 10 2 5 3 7 6 4 0 1
20 12 8 2 5 3 7 6 4 1 0
21 13 8 1 4 5 3 0 2 6 7
21 15 6 1 4 3 7 2 6 0 5
21 13 8 3 4 5 7 2 0 6 1
21 15 6 1 4 5 7 2 0 6 3
21 15 6 1 5 6 3 2 4 0 7
21 17 4 1 5 3 7 2 4 0 6
21 13 8 3 0 5 1 2 4 6 7
21 13 8 2 4 3 5 1 6 7 0
21 11 10 6 2 4 0 5 7 1 3
20 12 8 6 2 4 3 5 7 1 0
21 13 8 6 2 1 0 5 7 3 4
21 9 12 4 2 7 3 6 5 0 1
20 10 10 4 2 7 3 6 5 1 0
21 11 10 0 2 3 4 6 5 7 1
16 14 2 1 2 3 4 6 5 7 0
19 15 4 1 2 3 4 6 5 0 7
21 11 10 0 2 3 4 6 5 7 1
21 11 10 4 2 3 1 6 5 0 7
21 9 12 6 4 1 2 3 5 7 0
21 9 12 6 4 1 2 5 7 0 3
20 10 10 6 4 1 2 5 7 3 0
21 11 10 3 4 1 0 2 6 7 5
21 11 10 5 4 1 3 2 6 0 7
21 13 8 3 0 1 5 2 4 6 7
20 14 6 3 1 0 5 2 4 6 7
19 15 4 3 1 5 0 2 4 6 7
18 16 2 3 1 5 7 2 4 6 0
21 15 6 5 1 2 4 3 6 7 0
21 7 14 6 1 4 2 0 7 5 3
21 9 12 6 1 4 0 7 5 3 2
21 7 14 4 1 7 2 0 6 5 3
20 10 10 4 1 7 0 2 6 5 3
19 11 8 4 1 7 3 2 6 5 0
21 7 14 4 1 7 2 0 6 5 3
21 11 10 1 0 2 4 6 7 5 3
21 11 10 1 0 2 4 6 7 5 3
21 11 10 1 7 2 4 0 6 5 3
21 13 8 1 7 2 0 6 5 3 4
21 15 6 3 4 5 7 2 1 0 6
21 15 6 5 1 2 4 3 6 7 0
21 13 8 2 1 6 5 3 4 0 7
21 15 6 2 1 5 7 3 4 0 6
21 17 4 2 1 3 4 5 6 0 7
21 15 6 1 6 3 2 5 0 7 4
21 15 6 1 3 0 2 5 6 7 4
20 16 4 1 3 2 0 5 6 7 4
19 17 2 1 3 2 4 5 6 7 0
21 11 10 5 7 2 3 6 1 4 0
21 11 10 5 7 2 3 6 1 4 0
21 15 6 1 6 3 4 5 0 7 2
21 15 6 1 3 0 4 5 6 7 2
21 9 12 4 7 1 5 2 0 6 3
21 15 6 5 2 0 4 1 6 7 3
21 15 6 3 1 6 5 2 4 0 7
21 17 4 3 1 5 7 2 4 0 6
21 9 12 6 1 4 2 3 7 5 0
21 9 12 4 1 7 2 3 6 5 0
21 11 10 4 1 0 7 2 6 5 3
20 12 8 4 1 5 7 2 6 0 3
19 13 6 4 1 5 7 2 6 3 0
21 9 12 4 1 7 2 3 6 5 0
21 13 8 1 7 2 4 3 6 5 0
21 13 8 4 1 5 7 2 0 6 3
22 6 16 3 4 0 2 6 7 1 5
21 7 14 3 4 1 2 6 7 0 5
20 8 12 3 4 1 2 6 7 5 0
21 7 14 3 4 2 0 6 7 1 5
22 6 16 0 4 5 6 2 7 1 3
22 6 16 4 5 1 2 0 7 3 6
21 9 12 4 5 1 0 2 7 3 6
22 6 16 4 5 2 3 0 7 1 6
22 8 14 2 4 5 1 0 7 3 6
21 11 10 2 4 5 0 1 7 3 6
22 8 14 2 0 5 3 4 7 1 6
21 9 12 2 7 5 3 4 0 1 6
20 10 10 2 7 5 3 4 1 0 6
19 11 8 2 7 5 3 4 1 6 0
22 4 18 6 4 5 2 3 7 0 1
22 6 16 4 5 0 1 6 7 3 2
21 7 14 4 5 3 1 6 7 0 2
20 8 12 4 5 3 1 6 7 2 0
22 8 14 4 5 1 3 6 7 0 2
21 9 12 4 5 1 3 6 7 2 0
22 8 14 7 5 2 4 6 0 1 3
21 9 12 7 5 2 4 6 1 0 3
20 10 10 7 5 2 4 6 1 3 0
22 12 10 5 2 0 4 6 7 3 1
22 6 16 4 5 0 3 6 7 2 1
21 7 14 4 5 3 0 6 7 2 1
21 7 14 4 5 3 0 6 7 2 1
22 10 12 4 1 2 7 6 5 0 3
21 11 10 4 1 2 7 6 5 3 0
22 10 12 4 1 2 3 0 5 7 6
21 11 10 4 1 2 3 5 0 7 6
22 6 16 0 5 1 2 4 6 7 3
20 8 12 2 5 1 0 4 6 7 3
19 9 10 2 5 1 3 4 6 7 0
20 10 10 2 5 1 3 4 6 0 7
21 7 14 5 0 1 2 4 6 7 3
20 8 12 5 1 0 2 4 6 7 3
19 9 10 5 1 2 0 4 6 7 3
18 10 8 5 1 2 3 4 6 7 0
19 9 10 5 1 2 0 4 6 7 3
20 12 8 5 1 2 4 0 6 7 3
20 12 8 5 1 2 3 0 6 7 4
20 12 8 5 1 2 4 0 6 7 3
20 14 6 5 1 2 4 3 6 7 0
20 14 6 5 1 2 4 3 6 7 0
21 9 12 3 5 1 2 4 6 7 0
21 11 10 2 5 1 7 4 6 0 3
20 12 8 2 5 1 7 4 6 3 0
21 11 10 2 5 1 4 0 6 7 3
21 11 10 2 5 1 3 0 6 7 4
21 11 10 2 5 1 3 4 0 6 7
21 9 12 5 1 7 2 4 6 0 3
20 10 10 5 1 7 2 4 6 3 0
21 11 10 5 1 2 3 4 6 0 7
21 13 8 0 1 2 3 5 6 7 4
20 14 6 1 0 2 3 5 6 7 4
19 15 4 1 2 0 3 5 6 7 4
18 16 2 1 2 3 0 5 6 7 4
