0 0 0 0 4 5 2 6 7 1 3
0 1 14 6 4 5 2 0 7 1 3
0 1 14 4 0 5 2 6 7 1 3
0 2 14 2 4 5 0 6 7 1 3
0 5 12 2 4 5 6 0 7 1 3
0 6 12 0 4 5 6 2 7 1 3
0 6 12 2 4 5 6 7 0 1 3
0 7 12 2 4 5 6 3 7 1 0
0 8 12 2 0 5 6 4 7 1 3
0 7 12 4 0 5 6 2 7 1 3
0 9 12 7 4 5 6 2 0 1 3
0 9 12 3 4 5 6 2 7 1 0
0 7 12 2 0 5 6 7 4 1 3
0 7 12 2 4 5 6 7 1 0 3
0 8 12 2 4 5 6 3 7 0 1
0 10 12 0 4 5 6 3 7 1 2
0 9 12 2 7 5 6 4 0 1 3
0 9 12 0 2 5 6 4 7 1 3
0 8 12 4 7 5 6 2 0 1 3
0 8 12 4 5 0 6 2 7 1 3
0 10 12 7 0 5 6 2 4 1 3
0 10 12 7 4 5 6 0 2 1 3
0 10 12 7 4 5 6 2 1 0 3
0 10 12 3 4 5 6 2 7 0 1
0 11 12 3 4 5 6 0 7 1 2
0 12 12 3 4 0 6 2 7 1 5
0 8 12 0 2 5 6 7 4 1 3
0 8 12 2 5 0 6 7 4 1 3
0 8 12 2 4 5 6 7 1 3 0
0 9 12 2 4 5 6 3 0 7 1
0 11 12 3 4 5 6 0 7 1 2
0 11 12 4 0 5 6 3 7 1 2
0 13 12 7 4 5 6 3 0 1 2
0 10 12 2 7 5 6 0 4 1 3
0 10 12 2 7 5 6 4 1 0 3
0 10 12 4 2 5 6 0 7 1 3
0 11 12 6 2 5 0 4 7 1 3
0 14 10 6 2 5 4 0 7 1 3
0 15 10 0 2 5 4 6 7 1 3
0 15 10 6 2 5 4 7 0 1 3
0 16 10 6 2 5 4 3 7 1 0
0 18 10 7 2 5 4 6 0 1 3
0 19 8 7 2 5 4 0 6 1 3
0 20 8 0 2 5 4 7 6 1 3
0 21 8 7 2 5 4 3 6 1 0
0 23 8 3 2 5 4 7 6 1 0
0 22 8 7 2 5 4 3 6 0 1
0 24 8 7 2 0 4 3 6 1 5
0 24 8 0 2 5 4 3 6 1 7
0 24 8 3 2 5 4 7 6 0 1
0 25 8 3 2 5 4 0 6 1 7
0 26 8 3 2 0 4 7 6 1 5
0 23 8 7 2 0 4 3 6 5 1
0 25 8 7 2 1 4 3 6 0 5
0 25 8 3 2 5 4 0 6 1 7
0 25 8 3 2 0 4 7 6 5 1
0 27 8 3 2 1 4 7 6 0 5
0 26 8 7 2 1 4 3 6 5 0
0 28 8 3 2 1 4 7 6 5 0
0 28 8 7 2 1 4 0 6 5 3
0 29 8 0 2 1 4 3 6 5 7
0 30 8 3 2 1 4 0 6 5 7
0 31 8 0 2 1 4 7 6 5 3
0 29 8 0 2 1 4 7 6 5 3
0 30 8 3 2 1 4 0 6 5 7
0 18 10 3 2 5 4 6 7 1 0
0 16 10 6 2 5 4 7 1 0 3
0 17 10 6 2 5 4 3 7 0 1
0 18 8 6 2 5 4 3 0 7 1
0 19 8 6 2 5 4 0 3 7 1
0 20 8 0 2 5 4 6 3 7 1
0 23 6 1 2 5 4 6 3 7 0
0 25 6 1 2 5 4 0 3 7 6
0 26 6 1 2 0 4 6 3 7 5
0 26 6 1 2 5 4 3 0 7 6
0 21 8 6 2 5 4 1 3 7 0
0 23 8 3 2 5 4 6 0 7 1
0 24 6 3 2 5 4 0 6 7 1
0 25 6 0 2 5 4 3 6 7 1
0 28 4 1 2 5 4 3 6 7 0
0 30 4 1 2 5 4 0 6 7 3
0 31 4 1 2 0 4 3 6 7 5
0 26 6 3 2 5 4 1 6 7 0
0 29 6 1 2 5 0 3 6 7 4
0 29 6 1 2 5 4 3 6 0 7
0 31 6 0 2 5 4 1 6 7 3
0 31 6 1 2 5 4 6 0 7 3
0 33 6 1 0 5 4 2 6 7 3
0 33 6 1 2 5 0 4 6 7 3
0 32 6 1 2 7 4 3 6 0 5
0 32 6 1 0 2 4 3 6 7 5
0 32 6 1 2 4 0 3 6 7 5
0 29 6 3 2 0 4 1 6 7 5
0 29 6 0 2 5 4 1 6 7 3
0 30 6 1 2 0 5 3 6 7 4
0 32 6 1 2 5 3 0 6 7 4
0 30 6 1 2 0 4 3 6 5 7
0 34 6 1 5 0 4 2 6 7 3
0 34 6 1 2 5 3 4 6 7 0
0 34 6 1 2 0 5 4 6 7 3
0 33 6 1 2 7 4 3 6 5 0
0 33 6 1 2 4 5 3 6 7 0
0 35 6 1 2 4 3 0 6 7 5
0 37 4 1 2 4 3 5 6 7 0
0 38 4 1 2 4 0 5 6 7 3
0 39 2 1 2 0 4 5 6 7 3
0 40 4 1 2 0 3 5 6 7 4
0 41 2 1 2 3 0 5 6 7 4
