0 0 0 7 4 2 5 0 6 3 1
14 2 12 7 4 2 5 1 6 3 0
15 3 12 7 4 2 0 5 6 3 1
14 4 10 7 4 2 1 5 6 3 0
15 3 12 7 4 2 0 1 6 3 5
17 3 14 7 4 2 5 1 6 0 3
17 5 12 7 4 2 1 5 6 0 3
18 4 14 7 4 0 2 5 6 3 1
17 5 12 7 4 3 2 5 6 0 1
16 6 10 7 4 3 2 5 6 1 0
18 6 12 7 4 2 3 5 6 0 1
17 7 10 7 4 2 3 5 6 1 0
18 4 14 7 4 0 2 1 6 3 5
17 5 12 7 4 3 2 1 6 0 5
16 6 10 7 4 3 2 1 6 5 0
18 6 12 7 4 2 3 1 6 0 5
17 7 10 7 4 2 3 1 6 5 0
18 4 14 7 4 0 5 1 6 2 3
17 5 12 7 4 5 0 1 6 2 3
16 6 10 7 4 5 3 1 6 2 0
18 4 14 7 4 2 5 1 0 6 3
19 1 18 0 4 2 5 7 6 3 1
14 4 10 1 4 2 5 7 6 3 0
15 3 12 5 4 2 0 7 6 3 1
14 4 10 5 4 2 1 7 6 3 0
15 5 10 1 4 2 0 7 6 3 5
17 5 12 1 4 2 5 7 6 0 3
17 5 12 5 4 2 1 7 6 0 3
18 6 12 1 4 2 5 0 6 3 7
15 9 6 1 4 2 0 5 6 3 7
16 10 6 1 4 2 7 5 6 3 0
18 4 14 5 4 0 2 7 6 3 1
17 5 12 5 4 3 2 7 6 0 1
16 6 10 5 4 3 2 7 6 1 0
18 6 12 5 4 2 3 7 6 0 1
17 7 10 5 4 2 3 7 6 1 0
18 6 12 5 4 2 1 0 6 3 7
17 9 8 5 4 2 0 1 6 3 7
18 6 12 1 4 0 2 7 6 3 5
17 7 10 1 4 3 2 7 6 0 5
16 8 8 1 4 3 2 7 6 5 0
18 8 10 1 4 2 3 7 6 0 5
17 9 8 1 4 2 3 7 6 5 0
18 10 8 1 4 0 2 5 6 3 7
17 11 6 1 4 3 2 5 6 0 7
16 12 4 1 4 3 2 5 6 7 0
18 12 6 1 4 2 3 5 6 0 7
17 13 4 1 4 2 3 5 6 7 0
18 10 8 5 4 2 7 1 6 3 0
19 1 18 7 4 2 5 6 0 3 1
18 2 16 7 4 2 5 6 3 0 1
17 3 14 7 4 2 5 6 3 1 0
19 5 14 7 4 0 5 1 6 3 2
18 6 12 7 4 3 5 1 6 0 2
17 7 10 7 4 3 5 1 6 2 0
18 6 12 7 4 5 0 1 6 3 2
19 5 14 0 4 2 5 1 6 3 7
15 7 8 5 4 2 0 1 6 3 7
16 8 8 5 4 2 7 1 6 3 0
18 8 10 5 4 0 2 1 6 3 7
17 9 8 5 4 3 2 1 6 0 7
16 10 6 5 4 3 2 1 6 7 0
18 10 8 5 4 2 3 1 6 0 7
17 11 6 5 4 2 3 1 6 7 0
18 8 10 5 4 0 2 1 6 3 7
18 10 8 5 4 2 3 1 6 0 7
19 5 14 0 4 2 7 5 6 3 1
14 8 6 1 4 2 7 5 6 3 0
17 9 8 1 4 2 7 5 6 0 3
17 9 8 1 4 2 7 5 6 0 3
19 7 12 0 4 2 1 5 6 3 7
19 5 14 0 4 2 7 1 6 3 5
18 6 12 1 4 2 7 0 6 3 5
18 6 12 1 4 2 7 0 6 3 5
19 5 14 7 0 4 2 5 6 3 1
19 7 12 7 4 3 0 5 6 1 2
19 5 14 7 0 4 2 1 6 3 5
19 7 12 7 4 3 0 1 6 5 2
19 7 12 0 4 5 7 1 6 2 3
16 10 6 3 4 5 7 1 6 2 0
18 8 10 1 4 5 7 0 6 2 3
16 10 6 1 4 5 7 3 6 2 0
19 7 12 7 4 5 3 1 6 0 2
19 5 14 7 0 2 5 1 4 6 3
18 6 12 7 2 0 5 1 4 6 3
17 7 10 7 2 5 0 1 4 6 3
16 8 8 7 2 5 3 1 4 6 0
19 7 12 1 4 2 5 6 0 3 7
18 8 10 1 4 2 5 6 3 0 7
19 5 14 5 0 4 2 7 6 3 1
19 7 12 5 4 3 0 7 6 1 2
19 7 12 0 4 2 1 5 6 3 7
19 7 12 5 4 2 1 6 0 3 7
19 7 12 1 0 4 2 7 6 3 5
19 9 10 1 4 3 0 7 6 5 2
19 11 8 1 0 4 2 5 6 3 7
19 13 6 1 4 3 0 5 6 7 2
19 3 16 7 4 0 5 6 3 2 1
18 4 14 7 4 5 0 6 3 2 1
17 5 12 7 4 5 1 6 3 2 0
19 7 12 7 4 3 5 1 0 6 2
19 7 12 7 4 5 2 1 6 3 0
19 9 10 5 4 2 7 1 6 0 3
19 9 10 5 4 2 7 1 6 0 3
19 9 10 5 0 4 2 1 6 3 7
19 11 8 5 4 3 0 1 6 7 2
19 9 10 5 0 4 2 1 6 3 7
19 7 12 1 4 2 7 6 0 3 5
18 8 10 1 4 2 7 6 3 0 5
17 9 8 1 4 2 7 6 3 5 0
19 7 12 1 4 2 7 6 0 3 5
19 11 8 3 4 5 0 1 6 2 7
19 11 8 3 4 5 7 1 6 0 2
19 9 10 1 4 5 7 6 0 2 3
18 10 8 1 4 5 7 6 2 0 3
17 11 6 1 4 5 7 6 2 3 0
19 11 8 1 4 5 0 3 6 2 7
19 11 8 1 4 5 7 3 6 0 2
19 7 12 7 2 6 5 1 4 0 3
18 8 10 7 2 6 5 1 4 3 0
19 9 10 0 2 5 7 1 4 6 3
16 12 4 3 2 5 7 1 4 6 0
18 10 8 1 2 5 7 0 4 6 3
16 12 4 1 2 5 7 3 4 6 0
18 10 8 2 0 5 7 1 4 6 3
19 9 10 7 2 5 3 1 4 0 6
19 9 10 1 4 0 5 6 3 2 7
18 10 8 1 4 5 0 6 3 2 7
17 11 6 1 4 5 7 6 3 2 0
19 9 10 1 4 2 5 6 3 7 0
19 9 10 1 4 0 7 6 3 2 5
19 13 6 3 2 5 0 1 4 6 7
19 13 6 3 2 5 7 1 4 0 6
19 11 8 1 2 5 7 4 0 6 3
19 13 6 1 0 5 7 2 4 6 3
19 13 6 1 2 5 0 3 4 6 7
19 13 6 1 2 5 7 3 4 0 6
19 11 8 2 4 5 7 1 0 6 3
19 11 8 2 5 0 7 1 4 6 3
20 6 14 7 4 0 1 5 6 2 3
19 7 12 7 4 1 0 5 6 2 3
18 8 10 7 4 1 3 5 6 2 0
20 6 14 7 4 2 1 5 0 6 3
20 6 14 7 4 3 2 5 0 6 1
20 8 12 7 4 2 0 5 6 1 3
20 6 14 7 4 3 2 1 0 6 5
20 8 12 7 4 2 0 1 6 5 3
20 2 18 4 0 2 5 7 6 3 1
19 3 16 4 2 0 5 7 6 3 1
18 4 14 4 2 3 5 7 6 0 1
17 5 12 4 2 3 5 7 6 1 0
18 4 14 4 2 5 0 7 6 3 1
17 5 12 4 2 5 1 7 6 3 0
18 6 12 4 2 3 0 7 6 1 5
20 6 14 5 4 2 7 0 6 3 1
20 6 14 1 4 0 5 7 6 2 3
19 7 12 1 4 5 0 7 6 2 3
18 8 10 1 4 5 3 7 6 2 0
19 7 12 1 4 5 0 7 6 2 3
20 6 14 1 4 2 5 7 0 6 3
20 6 14 5 4 0 1 7 6 2 3
19 7 12 5 4 1 0 7 6 2 3
18 8 10 5 4 1 3 7 6 2 0
20 6 14 5 4 2 1 7 0 6 3
20 6 14 5 4 3 2 7 0 6 1
20 8 12 5 4 3 2 0 6 1 7
20 8 12 5 4 2 0 7 6 1 3
20 8 12 1 4 3 2 7 0 6 5
20 10 10 1 4 3 2 0 6 5 7
19 13 6 1 4 3 0 2 6 5 7
18 14 4 1 4 3 7 2 6 5 0
20 10 10 1 4 2 0 7 6 5 3
20 12 8 1 4 3 2 5 0 6 7
20 14 6 1 4 2 0 5 6 7 3
20 2 18 7 0 2 5 6 4 3 1
19 3 16 7 2 0 5 6 4 3 1
18 4 14 7 2 3 5 6 4 0 1
17 5 12 7 2 3 5 6 4 1 0
18 4 14 7 2 5 0 6 4 3 1
17 5 12 7 2 5 1 6 4 3 0
20 4 16 7 4 2 0 6 3 1 5
20 8 12 7 4 3 0 1 6 2 5
20 8 12 0 4 5 7 1 6 3 2
17 11 6 2 4 5 7 1 6 3 0
19 9 10 1 4 5 7 0 6 3 2
15 11 4 1 4 5 7 2 6 3 0
18 12 6 1 4 5 0 2 6 3 7
18 12 6 1 4 5 7 2 6 0 3
19 13 6 1 4 5 7 2 0 6 3
19 13 6 1 4 5 7 2 0 6 3
20 6 14 4 0 2 5 1 6 3 7
19 7 12 4 2 0 5 1 6 3 7
18 8 10 4 2 3 5 1 6 0 7
17 9 8 4 2 3 5 1 6 7 0
18 8 10 4 2 5 0 1 6 3 7
17 9 8 4 2 5 7 1 6 3 0
18 10 8 4 2 3 0 1 6 7 5
19 9 10 4 2 3 5 1 0 6 7
20 10 10 5 4 3 2 1 0 6 7
20 12 8 5 4 2 0 1 6 7 3
20 6 14 5 4 2 7 0 6 3 1
20 6 14 4 0 2 7 5 6 3 1
19 7 12 4 2 0 7 5 6 3 1
18 8 10 4 2 3 7 5 6 0 1
17 9 8 4 2 3 7 5 6 1 0
18 8 10 4 2 7 0 5 6 3 1
17 9 8 4 2 7 1 5 6 3 0
18 10 8 4 2 3 0 5 6 1 7
20 10 10 1 4 0 7 5 6 2 3
19 11 8 1 4 7 0 5 6 2 3
18 12 6 1 4 7 3 5 6 2 0
20 10 10 1 4 2 7 5 0 6 3
20 10 10 1 4 0 7 5 6 2 3
20 10 10 1 4 2 7 5 0 6 3
20 8 12 4 0 2 1 5 6 3 7
19 9 10 4 2 0 1 5 6 3 7
18 10 8 4 2 3 1 5 6 0 7
17 11 6 4 2 3 1 5 6 7 0
18 10 8 4 2 3 1 5 6 0 7
18 10 8 4 2 1 0 5 6 3 7
19 9 10 4 2 0 1 5 6 3 7
19 11 8 4 2 1 7 5 6 3 0
20 6 14 4 0 2 7 1 6 3 5
19 7 12 4 2 0 7 1 6 3 5
18 8 10 4 2 3 7 1 6 0 5
17 9 8 4 2 3 7 1 6 5 0
18 8 10 4 2 3 7 1 6 0 5
18 8 10 4 2 7 0 1 6 3 5
18 10 8 4 2 3 0 1 6 5 7
19 7 12 4 2 0 7 1 6 3 5
19 9 10 4 2 3 7 1 0 6 5
19 9 10 4 2 3 7 1 0 6 5
19 9 10 4 2 7 5 1 6 3 0
20 6 14 7 6 4 2 5 0 3 1
20 6 14 0 7 4 2 5 6 3 1
15 9 6 1 7 4 2 5 6 3 0
18 8 10 2 7 4 0 5 6 3 1
17 9 8 2 7 4 1 5 6 3 0
18 10 8 1 7 4 0 5 6 3 2
18 10 8 1 7 4 2 5 6 0 3
19 9 10 2 7 0 4 5 6 3 1
18 10 8 2 7 3 4 5 6 0 1
17 11 6 2 7 3 4 5 6 1 0
19 11 8 1 7 0 4 5 6 3 2
18 12 6 1 7 3 4 5 6 0 2
17 13 4 1 7 3 4 5 6 2 0
20 6 14 7 6 4 2 1 0 3 5
20 6 14 0 7 4 2 1 6 3 5
17 9 8 5 7 4 2 1 6 3 0
18 8 10 2 7 4 0 1 6 3 5
19 7 12 1 7 4 2 0 6 3 5
19 7 12 1 7 4 2 0 6 3 5
19 9 10 2 7 4 5 1 6 3 0
19 9 10 2 7 0 4 1 6 3 5
18 10 8 2 7 3 4 1 6 0 5
17 11 6 2 7 3 4 1 6 5 0
20 8 12 4 0 5 7 1 6 2 3
20 8 12 7 4 5 3 1 0 6 2
20 6 14 0 7 2 5 1 4 6 3
17 9 8 3 7 2 5 1 4 6 0
19 7 12 1 7 2 5 0 4 6 3
17 9 8 1 7 2 5 3 4 6 0
20 8 12 1 0 2 5 6 4 3 7
19 9 10 1 2 0 5 6 4 3 7
18 10 8 1 2 3 5 6 4 0 7
18 10 8 1 2 5 0 6 4 3 7
17 11 6 1 2 5 7 6 4 3 0
19 11 8 1 2 3 5 6 4 7 0
20 6 14 5 6 4 2 7 0 3 1
20 8 12 4 0 2 1 5 6 3 7
20 8 12 5 4 2 1 6 3 0 7
19 9 10 5 4 2 1 6 3 7 0
20 8 12 1 6 4 2 7 0 3 5
20 12 8 1 6 4 2 5 0 3 7
20 6 14 0 4 5 7 6 3 2 1
15 9 6 1 4 5 7 6 3 2 0
18 10 8 1 4 5 7 6 3 0 2
18 10 8 1 4 5 7 6 3 0 2
19 11 8 1 4 5 7 0 3 2 6
19 11 8 1 4 5 7 0 3 2 6
20 6 14 7 4 5 1 6 3 0 2
20 8 12 7 0 3 5 1 4 6 2
19 9 10 7 3 0 5 1 4 6 2
18 10 8 7 3 5 0 1 4 6 2
19 11 8 7 3 5 2 1 4 6 0
20 10 10 5 6 4 2 1 0 3 7
20 10 10 5 6 4 2 1 0 3 7
20 8 12 1 0 2 7 6 4 3 5
19 9 10 1 2 0 7 6 4 3 5
18 10 8 1 2 3 7 6 4 0 5
17 11 6 1 2 3 7 6 4 5 0
19 9 10 1 2 0 7 6 4 3 5
20 10 10 1 4 2 0 6 3 5 7
20 8 12 1 0 2 7 6 4 3 5
20 12 8 3 4 5 7 1 0 6 2
20 10 10 1 0 5 7 6 4 2 3
20 12 8 1 4 5 0 6 2 3 7
20 12 8 1 4 5 7 3 0 6 2
20 10 10 1 4 2 0 6 3 7 5
20 10 10 1 4 7 0 6 3 2 5
19 11 8 1 4 7 5 6 3 2 0
20 12 8 1 0 5 7 4 2 6 3
20 12 8 1 2 5 7 4 6 0 3
19 13 6 1 2 5 7 4 6 3 0
20 14 6 1 5 0 7 2 4 6 3
20 12 8 2 4 5 7 1 6 0 3
20 12 8 2 5 6 7 1 4 0 3
19 13 6 2 5 6 7 1 4 3 0
20 12 8 2 5 7 0 1 4 6 3
19 13 6 2 5 7 3 1 4 6 0
20 6 14 0 2 5 4 7 6 3 1
15 9 6 1 2 5 4 7 6 3 0
18 10 8 1 2 5 0 7 6 3 4
18 10 8 1 2 5 4 7 6 0 3
19 11 8 1 2 5 4 0 6 3 7
19 11 8 1 2 0 4 7 6 5 3
20 6 14 4 2 5 1 7 6 0 3
20 8 12 0 2 3 4 7 6 1 5
17 11 6 5 2 3 4 7 6 1 0
20 10 10 1 4 5 3 0 6 2 7
20 10 10 1 4 5 3 0 6 2 7
20 6 14 7 2 3 0 6 4 1 5
20 6 14 0 2 5 7 6 4 3 1
15 9 6 1 2 5 7 6 4 3 0
18 10 8 1 2 5 7 6 4 0 3
18 10 8 1 2 5 7 6 4 0 3
19 7 12 2 0 5 7 6 4 3 1
19 11 8 1 2 5 7 0 4 3 6
19 11 8 1 2 5 7 0 4 3 6
20 6 14 7 2 5 1 6 4 0 3
20 12 8 2 4 5 0 1 6 3 7
20 12 8 2 4 5 7 1 6 0 3
20 10 10 1 4 5 7 6 0 3 2
20 10 10 0 2 5 4 1 6 3 7
20 10 10 4 2 5 7 1 6 0 3
20 12 8 0 2 3 4 1 6 7 5
17 15 2 5 2 3 4 1 6 7 0
19 13 6 1 2 3 4 0 6 7 5
