0 0 0 7 4 2 5 0 6 3 1
13 1 12 0 4 2 5 7 6 3 1
13 3 10 7 4 2 0 5 6 3 1
14 2 12 7 4 2 5 1 6 3 0
14 2 12 4 0 2 5 7 6 3 1
13 3 10 4 2 0 5 7 6 3 1
12 4 8 4 2 3 5 7 6 0 1
13 5 8 4 2 3 5 7 6 1 0
14 4 10 1 4 2 5 7 6 3 0
14 4 10 7 4 2 1 5 6 3 0
14 4 10 7 4 0 2 5 6 3 1
13 5 8 7 4 3 2 5 6 0 1
14 4 10 4 2 5 0 7 6 3 1
14 6 8 4 2 3 0 7 6 1 5
14 6 8 7 4 3 2 5 6 1 0
14 6 8 0 2 5 4 7 6 3 1
14 8 6 0 2 3 4 7 6 1 5
15 1 14 7 4 2 5 6 0 3 1
15 3 12 7 0 2 5 4 6 3 1
14 4 10 7 2 0 5 4 6 3 1
13 5 8 7 2 3 5 4 6 0 1
14 6 8 7 2 3 5 4 6 1 0
15 3 12 5 4 2 0 7 6 3 1
15 5 10 0 4 2 7 5 6 3 1
15 3 12 7 4 2 0 1 6 3 5
15 3 12 7 4 2 5 1 6 0 3
15 5 10 4 2 3 5 7 0 6 1
15 7 8 4 2 3 5 0 6 1 7
15 5 10 1 4 2 0 7 6 3 5
15 5 10 1 4 2 5 7 6 0 3
15 5 10 7 4 2 1 5 6 0 3
15 5 10 7 0 4 2 5 6 3 1
15 5 10 4 2 5 1 7 6 3 0
15 7 8 7 4 3 0 5 6 1 2
15 7 8 7 2 5 4 0 6 3 1
15 9 6 1 2 5 4 7 6 3 0
15 9 6 7 2 3 4 0 6 1 5
15 5 10 7 2 5 0 4 6 3 1
15 7 8 7 2 3 0 4 6 1 5
15 11 4 7 2 3 4 5 6 1 0
16 6 10 7 4 2 3 5 6 0 1
16 8 8 0 2 3 5 7 6 1 4
16 6 10 1 4 2 5 0 6 3 7
16 6 10 7 4 3 2 5 0 6 1
16 2 14 7 0 2 5 6 4 3 1
15 3 12 7 2 0 5 6 4 3 1
14 4 10 7 2 3 5 6 4 0 1
15 5 10 7 2 3 5 6 0 4 1
14 6 8 7 2 3 5 0 6 4 1
15 5 10 7 2 3 5 6 4 1 0
15 7 8 0 2 3 5 7 6 4 1
15 9 6 7 2 3 0 5 6 4 1
16 2 14 7 4 2 5 6 3 0 1
16 4 12 0 7 2 5 4 6 3 1
16 6 10 7 2 3 5 4 0 6 1
16 8 8 7 2 3 5 0 6 1 4
16 4 12 5 4 2 1 7 6 3 0
16 4 12 5 4 0 2 7 6 3 1
15 5 10 5 4 3 2 7 6 0 1
16 6 10 4 0 2 7 5 6 3 1
15 7 8 4 2 0 7 5 6 3 1
14 8 6 4 2 3 7 5 6 0 1
15 9 6 4 2 3 7 5 6 1 0
16 8 8 1 4 2 7 5 6 3 0
16 4 12 7 4 0 2 1 6 3 5
15 5 10 7 4 3 2 1 6 0 5
16 4 12 7 4 0 5 1 6 2 3
16 6 10 4 2 3 5 0 7 6 1
16 8 8 0 2 3 5 4 6 1 7
16 8 8 0 2 3 5 4 6 1 7
16 10 6 4 2 3 0 5 6 1 7
16 6 10 1 4 0 2 7 6 3 5
15 7 8 1 4 3 2 7 6 0 5
16 6 10 1 4 0 5 7 6 2 3
16 6 10 7 4 0 1 5 6 2 3
16 6 10 0 7 4 2 5 6 3 1
16 6 10 4 2 5 1 7 6 0 3
16 10 6 1 2 5 4 7 6 0 3
16 6 10 7 2 5 1 4 6 3 0
16 12 4 7 2 3 4 5 6 0 1
16 4 12 7 2 5 0 6 4 3 1
16 8 8 7 2 3 5 1 6 4 0
16 6 10 7 2 3 0 6 4 1 5
16 10 6 1 2 3 5 7 6 4 0
16 10 6 7 2 3 1 5 6 4 0
16 12 4 7 2 3 4 5 6 0 1
16 6 10 5 4 3 2 7 6 1 0
16 8 8 4 2 7 0 5 6 3 1
16 10 6 4 2 3 0 5 6 1 7
16 6 10 7 4 3 2 1 6 5 0
16 12 4 0 2 3 4 5 6 1 7
16 12 4 0 2 3 4 5 6 1 7
16 8 8 1 4 3 2 7 6 5 0
16 10 6 0 2 7 4 5 6 3 1
16 12 4 0 2 3 4 5 6 1 7
17 5 12 7 4 0 5 1 6 3 2
16 6 10 7 4 3 5 1 6 0 2
17 5 12 0 4 2 5 1 6 3 7
17 3 14 4 6 2 5 7 0 3 1
17 7 10 1 4 0 5 7 6 3 2
16 8 8 1 4 3 5 7 6 0 2
17 7 10 7 4 0 1 5 6 3 2
16 8 8 7 4 3 1 5 6 0 2
16 8 8 7 4 3 1 5 6 0 2
17 7 10 0 4 2 1 5 6 3 7
17 7 10 4 2 5 3 7 6 0 1
17 7 10 4 2 5 7 0 6 3 1
17 7 10 4 2 0 3 7 6 1 5
17 9 8 4 2 3 1 7 6 0 5
17 9 8 4 2 3 7 0 6 1 5
17 9 8 0 4 3 2 5 6 1 7
17 7 10 2 0 5 4 7 6 3 1
17 9 8 2 0 3 4 7 6 1 5
17 11 6 5 2 3 4 7 6 1 0
17 5 12 0 4 2 7 1 6 3 5
16 6 10 1 4 2 7 0 6 3 5
16 6 10 1 4 2 7 0 6 3 5
17 7 10 4 2 5 1 0 6 3 7
17 9 8 0 4 3 7 5 6 1 2
17 9 8 7 2 5 4 1 6 3 0
17 11 6 1 2 5 4 0 6 3 7
17 7 10 0 2 5 7 4 6 3 1
17 9 8 0 2 3 7 4 6 1 5
17 7 10 7 4 0 3 5 6 2 1
16 8 8 7 4 3 0 5 6 2 1
17 7 10 7 4 2 3 5 6 1 0
17 9 8 1 4 2 0 5 6 3 7
17 7 10 7 0 3 2 5 4 6 1
17 3 14 0 7 2 5 6 4 3 1
17 7 10 7 2 3 5 0 4 1 6
17 9 8 5 2 3 0 7 6 4 1
17 11 6 0 2 3 7 5 6 4 1
17 3 14 7 4 0 5 6 3 2 1
17 3 14 7 4 2 5 6 3 1 0
17 5 12 4 7 2 5 0 6 3 1
17 7 10 1 7 2 5 4 6 3 0
17 7 10 7 2 3 5 0 4 6 1
17 11 6 7 2 3 0 5 6 1 4
17 11 6 7 2 3 0 5 6 1 4
17 5 12 5 4 2 1 7 6 0 3
17 5 12 5 0 4 2 7 6 3 1
17 9 8 4 2 3 7 5 0 6 1
17 9 8 1 4 2 0 5 6 3 7
17 9 8 1 4 2 7 5 6 0 3
17 5 12 7 0 4 2 1 6 3 5
17 5 12 7 0 4 5 1 6 2 3
17 5 12 7 4 5 0 1 6 2 3
17 7 10 0 2 3 5 4 7 6 1
17 9 8 4 2 3 0 5 7 6 1
17 7 10 1 0 4 2 7 6 3 5
17 7 10 1 0 4 5 7 6 2 3
17 7 10 1 4 5 0 7 6 2 3
17 7 10 7 0 4 1 5 6 2 3
17 7 10 7 4 1 0 5 6 2 3
17 9 8 1 7 4 2 5 6 3 0
17 7 10 4 2 0 1 7 6 5 3
17 11 6 1 2 0 4 7 6 5 3
17 7 10 7 2 5 1 4 6 0 3
17 5 12 7 2 5 1 6 4 3 0
17 9 8 7 2 3 0 1 6 4 5
17 9 8 7 2 3 5 1 6 0 4
17 11 6 1 2 3 0 7 6 4 5
17 11 6 1 2 3 5 7 6 0 4
17 11 6 7 2 3 1 5 6 0 4
17 7 10 5 4 3 0 7 6 1 2
17 9 8 4 2 7 1 5 6 3 0
17 7 10 7 4 3 0 1 6 5 2
17 9 8 1 4 3 0 7 6 5 2
17 13 4 1 2 7 4 5 6 3 0
17 7 10 7 4 3 5 1 6 2 0
17 9 8 1 4 3 5 7 6 2 0
17 9 8 7 4 3 1 5 6 2 0
17 9 8 7 4 3 1 5 6 2 0
17 9 8 1 4 2 0 5 6 3 7
17 9 8 7 4 3 1 5 6 2 0
17 11 6 0 2 3 4 5 7 6 1
18 4 14 6 4 2 5 7 0 3 1
18 8 10 4 2 0 5 7 6 1 3
18 6 12 7 4 2 1 0 6 3 5
18 8 10 7 4 3 2 0 6 1 5
18 4 14 7 6 2 5 4 0 3 1
18 6 12 5 4 2 3 7 6 0 1
18 6 12 5 4 2 7 0 6 3 1
18 6 12 5 4 2 7 0 6 3 1
18 6 12 7 4 2 3 1 6 0 5
18 6 12 7 4 2 1 0 6 3 5
18 4 14 7 4 2 5 1 0 6 3
18 6 12 4 0 3 5 7 2 6 1
18 8 10 4 2 3 5 6 0 1 7
18 8 10 1 4 2 3 7 6 0 5
18 6 12 1 4 2 5 7 0 6 3
18 6 12 7 4 2 1 5 0 6 3
18 6 12 7 6 4 2 5 0 3 1
18 8 10 4 2 0 1 7 6 3 5
18 8 10 0 2 5 1 7 6 3 4
18 8 10 7 4 0 3 5 6 1 2
18 8 10 7 2 5 4 6 0 3 1
18 10 8 1 2 5 0 7 6 3 4
18 12 6 1 2 0 4 7 6 3 5
17 13 4 1 2 3 4 7 6 0 5
17 13 4 1 2 3 4 7 6 0 5
18 10 8 7 2 3 4 6 0 1 5
18 8 10 7 2 5 3 4 6 0 1
18 8 10 7 2 0 3 4 6 1 5
18 10 8 7 2 3 1 4 6 0 5
18 10 8 5 2 3 0 7 6 1 4
18 6 12 7 0 3 5 6 2 4 1
18 8 10 0 2 3 5 6 4 1 7
18 8 10 2 0 3 5 7 6 4 1
18 10 8 7 2 0 3 5 6 4 1
18 6 12 5 7 2 0 4 6 3 1
18 6 12 5 4 2 1 0 6 3 7
18 6 12 5 4 3 2 7 0 6 1
18 12 6 0 2 3 7 5 6 1 4
18 6 12 7 4 3 2 1 0 6 5
18 8 10 4 2 3 5 1 7 6 0
18 10 8 5 2 3 0 4 6 1 7
18 10 8 5 2 3 0 4 6 1 7
18 8 10 1 4 3 2 7 0 6 5
18 8 10 2 7 4 0 5 6 3 1
17 9 8 2 7 0 4 5 6 3 1
16 10 6 2 7 3 4 5 6 0 1
17 11 6 2 7 3 4 5 6 1 0
18 8 10 7 2 5 1 0 6 3 4
18 6 12 0 2 5 7 6 4 3 1
18 8 10 0 2 3 7 6 4 1 5
18 12 6 1 2 3 5 0 6 4 7
18 8 10 5 4 3 2 0 6 1 7
18 8 10 7 4 3 2 0 6 5 1
18 10 8 1 4 3 2 0 6 5 7
18 6 12 7 0 4 5 1 6 3 2
18 6 12 7 4 5 0 1 6 3 2
18 6 12 4 0 2 5 1 6 3 7
17 7 10 4 2 0 5 1 6 3 7
16 8 8 4 2 3 5 1 6 0 7
15 9 6 4 2 3 5 1 6 7 0
16 10 6 4 2 3 0 1 6 7 5
16 12 4 0 2 3 4 1 6 7 5
15 13 2 1 2 3 4 0 6 7 5
