0 0 0 7 4 2 5 0 6 3 1
0 2 12 7 4 2 5 1 6 3 0
0 3 12 7 4 2 0 5 6 3 1
0 4 10 7 4 2 1 5 6 3 0
0 3 12 7 4 2 0 1 6 3 5
0 6 12 7 4 2 3 5 6 0 1
0 7 10 7 4 2 3 5 6 1 0
0 5 12 7 4 2 1 5 6 0 3
0 7 12 0 4 2 1 5 6 3 7
0 9 6 1 4 2 0 5 6 3 7
0 10 6 1 4 2 7 5 6 3 0
0 12 6 1 4 2 3 5 6 0 7
0 13 4 1 4 2 3 5 6 7 0
0 14 6 1 4 2 0 5 6 7 3
0 10 8 1 4 0 2 5 6 3 7
0 11 6 1 4 3 2 5 6 0 7
0 12 4 1 4 3 2 5 6 7 0
0 13 6 1 4 3 0 5 6 7 2
0 11 8 1 4 2 7 5 6 0 3
0 13 8 1 4 0 3 5 6 2 7
0 14 6 1 4 3 0 5 6 2 7
0 15 6 1 4 3 7 5 6 2 0
0 13 8 1 4 2 3 5 0 6 7
0 16 8 1 4 0 3 5 6 7 2
0 15 8 1 4 0 2 5 6 7 3
0 17 8 1 4 2 7 5 6 0 3
0 11 8 1 0 4 2 5 6 3 7
0 12 8 1 4 3 2 5 0 6 7
0 15 8 1 4 0 2 5 6 7 3
0 14 8 1 4 0 3 5 6 7 2
0 16 8 1 4 3 7 5 6 0 2
0 14 8 1 0 4 3 5 6 2 7
0 16 8 1 4 3 7 5 6 0 2
0 17 8 1 4 7 3 5 6 0 2
0 18 6 1 4 7 3 5 6 2 0
0 17 8 1 0 4 3 5 6 7 2
0 16 8 1 4 7 2 5 6 0 3
0 17 6 1 4 7 2 5 6 3 0
0 16 8 1 0 4 2 5 6 7 3
0 12 8 1 6 4 2 5 0 3 7
0 16 8 1 4 7 2 5 6 0 3
0 16 8 1 0 4 2 5 6 7 3
0 15 8 1 4 7 3 5 6 0 2
0 15 8 1 0 4 3 5 6 7 2
0 15 8 1 6 4 3 5 0 2 7
0 16 6 1 6 4 3 5 2 0 7
0 17 4 1 6 4 3 5 2 7 0
0 18 6 1 6 4 0 5 2 7 3
0 20 6 1 6 0 3 5 2 7 4
0 21 4 1 6 3 0 5 2 7 4
0 22 2 1 6 3 4 5 2 7 0
0 23 4 1 6 3 4 5 2 0 7
0 19 6 1 6 0 4 5 2 7 3
0 21 6 1 6 7 3 5 2 0 4
0 24 6 1 6 3 7 5 2 0 4
0 25 6 1 6 0 4 5 2 7 3
0 24 6 1 6 0 4 5 2 3 7
0 24 6 1 6 3 4 5 0 2 7
0 20 6 1 6 7 4 5 2 0 3
0 21 4 1 6 7 4 5 2 3 0
0 22 6 1 6 7 3 5 2 4 0
0 25 6 1 6 3 7 5 2 4 0
0 26 6 1 6 7 4 5 2 0 3
0 25 6 1 6 4 0 5 2 3 7
0 25 6 1 0 3 4 5 6 2 7
0 22 6 1 6 7 0 5 2 3 4
0 26 6 1 6 3 0 5 2 4 7
0 26 6 1 6 4 7 5 2 3 0
0 26 6 1 3 0 4 5 6 2 7
0 27 4 1 3 2 4 5 6 0 7
0 28 2 1 3 2 4 5 6 7 0
0 29 4 1 3 2 0 5 6 7 4
0 27 6 1 3 4 0 5 6 2 7
0 28 6 1 3 2 4 5 0 6 7
0 31 6 1 3 0 4 5 6 7 2
0 30 6 1 3 0 2 5 6 7 4
0 32 6 1 3 2 7 5 6 0 4
0 28 6 1 3 4 7 5 6 2 0
0 30 6 1 3 4 2 5 6 0 7
0 31 4 1 3 4 2 5 6 7 0
0 32 6 1 3 7 4 5 6 0 2
0 33 4 1 3 7 4 5 6 2 0
0 32 6 1 0 3 4 5 6 7 2
0 32 6 1 3 4 0 5 6 7 2
0 31 6 1 3 7 2 5 6 0 4
0 31 6 1 0 3 2 5 6 7 4
0 33 6 1 3 2 7 5 6 4 0
0 32 6 1 3 4 0 5 6 7 2
0 34 6 1 3 7 0 5 6 2 4
0 33 6 1 6 3 4 5 0 7 2
0 32 6 1 3 7 2 5 6 4 0
0 32 6 1 6 3 2 5 0 7 4
0 34 6 1 3 2 0 5 6 4 7
0 34 6 1 6 3 4 5 7 0 2
0 35 4 1 6 3 4 5 7 2 0
0 33 6 1 6 3 2 5 7 0 4
0 36 6 1 6 3 0 5 7 2 4
0 34 6 1 6 3 2 5 7 4 0
0 19 8 1 4 7 0 5 6 2 3
0 18 8 1 6 4 3 5 0 7 2
0 18 8 1 4 7 0 5 6 3 2
0 17 8 1 6 4 2 5 0 7 3
0 13 8 1 6 4 2 5 3 0 7
0 14 6 1 6 4 2 5 3 7 0
0 17 8 1 6 4 2 5 0 7 3
0 16 8 1 6 4 3 5 0 7 2
0 17 8 1 6 0 3 5 2 4 7
0 21 8 1 6 4 7 5 2 0 3
0 21 8 1 0 6 3 5 2 7 4
0 22 6 1 2 6 3 5 0 7 4
0 23 6 1 2 6 3 5 7 0 4
0 24 6 1 2 0 3 5 7 6 4
0 25 4 1 2 3 0 5 7 6 4
0 26 2 1 2 3 4 5 7 6 0
0 27 4 1 2 3 4 5 7 0 6
0 28 4 1 2 3 4 5 0 7 6
0 24 6 1 2 6 3 5 7 4 0
0 28 6 1 2 3 6 5 7 0 4
0 29 6 1 2 0 4 5 7 6 3
0 28 6 1 2 0 4 5 7 3 6
0 29 6 1 0 3 4 5 2 7 6
0 29 6 1 2 3 4 0 5 7 6
0 31 2 1 2 3 4 6 5 7 0
0 32 4 1 2 3 0 6 5 7 4
0 32 4 1 2 3 4 6 5 0 7
0 29 6 1 2 3 6 5 0 7 4
0 29 6 1 2 3 6 5 7 4 0
0 30 6 1 2 6 4 5 7 0 3
0 31 4 1 2 6 4 5 7 3 0
0 30 6 1 2 4 0 5 7 6 3
0 31 4 1 2 4 3 5 7 6 0
0 29 6 1 2 4 0 5 7 3 6
0 30 6 1 3 0 4 5 2 7 6
0 34 6 1 2 0 4 6 5 7 3
0 33 6 1 2 0 3 6 5 7 4
0 35 6 1 2 3 7 6 5 0 4
0 33 6 1 2 0 4 6 5 3 7
0 33 6 1 2 3 4 6 0 5 7
0 30 6 1 2 3 0 5 7 4 6
0 31 6 1 2 6 4 5 0 7 3
0 32 6 1 2 6 0 5 7 3 4
0 32 6 1 2 4 3 5 7 0 6
0 30 6 1 2 4 6 5 7 3 0
0 32 6 1 2 4 3 5 7 0 6
0 31 6 1 3 7 4 5 2 0 6
0 32 4 1 3 7 4 5 2 6 0
0 31 6 1 3 4 0 5 2 7 6
0 35 6 1 2 7 4 6 5 0 3
0 36 4 1 2 7 4 6 5 3 0
0 35 6 1 2 4 0 6 5 7 3
0 36 4 1 2 4 3 6 5 7 0
0 34 6 1 2 7 3 6 5 0 4
0 36 6 1 2 3 7 6 5 4 0
0 34 6 1 2 4 0 6 5 3 7
0 34 6 1 2 3 4 0 6 5 7
0 36 4 1 2 3 4 7 6 5 0
0 33 6 1 2 4 3 5 0 7 6
0 33 6 1 2 4 3 5 0 7 6
0 33 6 1 3 7 0 5 2 6 4
0 35 6 1 3 0 4 5 2 6 7
0 32 6 1 3 4 6 5 2 7 0
0 37 6 1 2 7 0 6 5 3 4
0 37 6 1 2 4 3 6 5 0 7
0 35 6 1 2 7 3 6 5 4 0
0 37 6 1 2 3 0 6 5 4 7
0 35 6 1 2 4 7 6 5 3 0
0 37 6 1 2 4 3 6 5 0 7
0 37 6 1 2 3 0 7 6 5 4
0 37 6 1 2 3 4 7 6 0 5
0 36 6 1 3 6 4 5 2 0 7
0 37 4 1 3 6 4 5 2 7 0
0 36 6 1 0 3 4 5 2 6 7
0 37 4 1 2 3 4 5 0 6 7
0 38 2 1 2 3 4 5 6 0 7
