0 0 0 4 1 7 2 3 5 6 0
13 1 12 4 1 7 0 3 5 6 2
14 2 12 4 1 0 7 3 5 6 2
15 1 14 4 1 7 2 3 5 0 6
15 3 12 4 1 6 7 3 5 0 2
14 4 10 4 1 6 7 3 5 2 0
16 2 14 4 1 7 2 0 5 6 3
15 3 12 4 1 7 2 5 0 6 3
14 4 10 4 1 7 2 5 6 0 3
13 5 8 4 1 7 2 5 6 3 0
15 5 10 4 1 7 0 2 5 6 3
14 6 8 4 1 7 3 2 5 6 0
15 5 10 4 1 0 2 5 6 7 3
14 6 8 4 1 2 0 5 6 7 3
13 7 6 4 1 2 3 5 6 7 0
16 2 14 4 1 0 2 3 5 7 6
15 3 12 4 1 2 0 3 5 7 6
16 2 14 4 1 7 2 3 0 5 6
16 4 12 4 1 6 7 3 0 5 2
16 6 10 4 1 7 0 5 6 3 2
16 6 10 4 1 0 7 2 5 6 3
16 8 8 0 1 2 4 5 6 7 3
15 9 6 1 0 2 4 5 6 7 3
14 10 4 1 2 0 4 5 6 7 3
15 11 4 3 1 2 4 5 6 7 0
15 11 4 1 2 7 4 5 6 0 3
14 12 2 1 2 7 4 5 6 3 0
15 11 4 1 2 4 0 5 6 7 3
14 12 2 1 2 4 3 5 6 7 0
16 8 8 4 1 2 3 5 6 0 7
16 4 12 4 1 2 6 3 5 7 0
16 10 6 1 6 2 4 5 0 7 3
17 3 14 4 1 0 2 3 5 6 7
16 4 12 4 1 2 0 3 5 6 7
15 5 10 4 1 2 7 3 5 6 0
17 3 14 0 1 7 2 3 5 6 4
15 5 10 2 1 7 0 3 5 6 4
14 6 8 2 1 7 4 3 5 6 0
16 4 12 3 1 7 2 0 5 6 4
15 5 10 3 1 7 2 5 0 6 4
14 6 8 3 1 7 2 5 6 0 4
15 7 8 3 1 7 0 2 5 6 4
15 7 8 3 1 0 2 5 6 7 4
14 8 6 3 1 2 0 5 6 7 4
13 9 4 3 1 2 4 5 6 7 0
14 8 6 3 1 2 0 5 6 7 4
15 7 8 3 1 7 2 5 6 4 0
16 4 12 1 0 7 2 3 5 6 4
16 6 10 2 1 0 7 3 5 6 4
16 6 10 3 1 7 2 4 5 6 0
16 8 8 3 1 7 4 2 5 6 0
16 8 8 3 1 0 7 2 5 6 4
16 10 6 3 1 2 4 5 6 0 7
16 10 6 3 1 2 4 5 6 0 7
17 3 14 0 1 7 4 3 5 6 2
16 4 12 3 1 7 4 0 5 6 2
14 6 8 3 1 7 4 2 5 6 0
15 5 10 3 1 7 4 5 0 6 2
14 6 8 3 1 7 4 5 6 0 2
13 7 6 3 1 7 4 5 6 2 0
15 7 8 3 1 0 4 5 6 7 2
15 7 8 3 1 0 4 5 6 7 2
16 4 12 3 1 7 4 0 5 6 2
16 4 12 1 0 7 4 3 5 6 2
16 8 8 3 1 7 0 5 6 2 4
16 8 8 3 1 4 0 5 6 7 2
15 9 6 3 1 4 2 5 6 7 0
16 8 8 3 1 4 0 5 6 7 2
17 3 14 4 0 1 7 3 5 6 2
16 4 12 4 5 1 7 3 0 6 2
17 5 12 4 1 6 0 3 5 2 7
17 7 10 4 1 7 3 2 5 0 6
17 5 12 0 1 2 4 3 5 7 6
16 6 10 3 1 2 4 0 5 7 6
14 8 6 3 1 2 4 6 5 7 0
15 7 8 3 1 2 4 5 0 7 6
16 6 10 1 0 2 4 3 5 7 6
15 7 8 1 2 0 4 3 5 7 6
16 8 8 6 1 2 4 3 5 7 0
16 8 8 3 1 2 4 5 7 0 6
15 9 6 3 1 2 4 5 7 6 0
16 8 8 1 2 7 4 3 5 0 6
15 9 6 1 2 7 4 3 5 6 0
16 8 8 1 2 4 0 3 5 7 6
17 3 14 4 1 7 2 0 3 5 6
14 6 8 4 1 7 0 2 3 5 6
15 7 8 4 1 7 6 2 3 5 0
15 7 8 4 1 0 7 2 3 5 6
14 8 6 4 1 5 7 2 3 0 6
13 9 4 4 1 5 7 2 3 6 0
16 10 6 4 1 5 0 2 3 6 7
17 5 12 4 1 6 7 0 3 5 2
13 7 6 4 1 6 7 2 3 5 0
16 8 8 4 1 6 0 2 3 5 7
16 8 8 4 1 6 7 2 3 0 5
17 7 10 4 1 6 7 2 5 0 3
16 8 8 4 1 6 7 2 5 3 0
17 9 8 5 1 2 4 0 6 7 3
17 13 4 1 2 7 0 5 6 3 4
17 13 4 1 2 4 3 5 6 0 7
17 11 6 1 6 2 4 5 7 0 3
16 12 4 1 6 2 4 5 7 3 0
17 7 10 2 1 7 4 3 5 0 6
17 5 12 1 5 7 2 3 0 6 4
16 6 10 1 5 7 2 3 6 0 4
17 5 12 1 7 0 2 3 5 6 4
16 6 10 1 7 2 0 3 5 6 4
15 7 8 1 7 2 4 3 5 6 0
17 7 10 2 1 6 7 3 5 0 4
16 8 8 2 1 6 7 3 5 4 0
17 7 10 3 1 7 0 4 5 6 2
17 9 8 3 1 6 7 2 5 0 4
16 10 6 3 1 6 7 2 5 4 0
17 7 10 3 1 7 0 4 5 6 2
17 7 10 3 1 7 4 2 5 0 6
17 7 10 3 1 7 4 2 5 0 6
17 7 10 3 1 7 0 4 5 6 2
17 5 12 1 5 7 4 3 0 6 2
16 6 10 1 5 7 4 3 6 0 2
15 7 8 1 5 7 4 3 6 2 0
17 5 12 1 7 0 4 3 5 6 2
17 5 12 4 5 1 7 0 3 6 2
13 7 6 4 5 1 7 2 3 6 0
16 8 8 4 5 1 0 2 3 6 7
16 8 8 4 5 1 7 2 3 0 6
17 5 12 4 5 1 7 3 6 0 2
16 6 10 4 5 1 7 3 6 2 0
17 9 8 3 1 2 0 6 5 7 4
17 9 8 3 1 2 4 6 5 0 7
17 7 10 1 5 2 4 3 0 7 6
17 9 8 1 2 4 6 3 5 7 0
17 5 12 4 1 7 2 6 3 5 0
17 9 8 4 1 7 5 2 3 0 6
16 10 6 4 1 7 5 2 3 6 0
17 9 8 4 1 5 7 2 0 3 6
17 9 8 4 1 0 7 2 3 6 5
17 9 8 4 1 0 7 2 3 6 5
17 11 6 5 1 2 4 3 6 7 0
17 7 10 1 5 0 2 3 6 7 4
16 8 8 1 5 2 0 3 6 7 4
15 9 6 1 5 2 4 3 6 7 0
17 7 10 1 5 7 2 3 6 4 0
17 7 10 1 5 0 4 3 6 7 2
18 4 14 4 1 7 6 3 5 0 2
17 5 12 4 1 7 6 3 5 2 0
18 4 14 4 1 7 3 0 5 6 2
17 5 12 4 1 7 3 5 0 6 2
16 6 10 4 1 7 3 5 6 0 2
15 7 8 4 1 7 3 5 6 2 0
16 6 10 4 1 7 3 5 6 0 2
17 7 10 4 1 0 3 5 6 7 2
16 8 8 4 1 3 0 5 6 7 2
15 9 6 4 1 3 2 5 6 7 0
17 7 10 4 1 0 3 5 6 7 2
17 7 10 4 1 0 3 5 6 7 2
18 4 14 4 0 7 2 5 1 6 3
18 8 10 4 1 0 2 5 6 3 7
17 9 8 4 1 3 2 5 6 0 7
17 9 8 4 1 3 2 5 6 0 7
17 9 8 4 1 2 0 5 6 3 7
18 8 10 0 1 7 2 5 6 3 4
16 10 6 2 1 7 0 5 6 3 4
15 11 4 2 1 7 4 5 6 3 0
17 9 8 1 0 7 2 5 6 3 4
18 6 12 4 0 1 2 5 6 7 3
18 10 8 0 1 2 3 5 6 7 4
17 11 6 1 0 2 3 5 6 7 4
16 12 4 1 2 0 3 5 6 7 4
15 13 2 1 2 3 0 5 6 7 4
