0 0 0 4 1 7 2 3 5 6 0
0 3 12 4 1 0 2 3 5 6 7
0 4 12 4 0 1 2 3 5 6 7
0 4 12 4 1 2 0 3 5 6 7
0 5 12 4 5 1 2 3 0 6 7
0 5 12 0 4 1 2 3 5 6 7
0 6 12 0 1 2 4 3 5 6 7
0 7 10 1 0 2 4 3 5 6 7
0 8 8 1 2 0 4 3 5 6 7
0 9 8 1 2 6 4 3 5 0 7
0 10 6 1 2 6 4 3 5 7 0
0 12 6 1 2 6 4 0 5 7 3
0 13 4 1 2 6 4 5 0 7 3
0 13 6 1 2 0 4 3 5 7 6
0 14 6 1 0 6 4 5 2 7 3
0 14 6 1 2 6 4 5 7 0 3
0 15 6 1 6 0 4 5 2 7 3
0 15 6 1 2 0 4 5 7 6 3
0 15 6 1 2 6 4 5 7 3 0
0 18 6 1 2 0 4 5 7 3 6
0 19 4 1 2 3 4 5 7 0 6
0 20 2 1 2 3 4 5 0 7 6
0 20 4 1 2 3 4 5 7 6 0
0 21 4 1 0 3 4 5 2 7 6
0 21 4 1 2 3 4 0 5 7 6
0 23 4 1 2 3 4 6 5 7 0
0 21 6 1 2 3 0 5 7 6 4
0 22 6 1 2 3 4 0 7 6 5
0 23 6 0 2 3 4 5 7 6 1
0 22 6 0 1 3 4 5 2 7 6
0 22 6 1 3 0 4 5 2 7 6
0 22 6 0 2 3 4 1 5 7 6
0 24 6 1 0 3 4 2 5 7 6
0 24 6 1 2 3 0 4 5 7 6
0 24 6 1 2 3 0 6 5 7 4
0 24 6 1 2 3 4 6 5 0 7
0 26 6 1 2 0 4 6 5 7 3
0 26 6 0 2 3 4 6 5 7 1
0 24 6 1 2 3 6 5 7 0 4
0 25 4 1 2 3 6 5 0 7 4
0 23 6 1 2 3 4 7 0 6 5
0 24 4 1 2 3 4 7 6 0 5
0 25 4 1 2 3 4 7 6 5 0
0 27 4 1 2 3 4 0 6 5 7
0 26 6 7 2 3 4 5 0 6 1
0 27 4 7 2 3 4 5 6 0 1
0 28 4 7 2 3 4 5 6 1 0
0 31 4 0 2 3 4 5 6 1 7
0 25 6 2 1 3 4 5 0 7 6
0 25 6 6 1 3 4 5 2 7 0
0 25 6 5 2 3 4 1 0 7 6
0 25 6 6 2 3 4 1 5 7 0
0 25 6 1 5 3 4 2 0 7 6
0 25 6 1 2 3 6 4 5 7 0
0 27 6 1 2 3 6 0 5 7 4
0 25 6 1 2 3 4 6 0 5 7
0 27 6 6 2 3 4 0 5 7 1
0 28 4 6 2 3 4 5 0 7 1
0 29 6 5 2 3 4 6 0 7 1
0 30 4 5 2 3 4 0 6 7 1
0 31 2 0 2 3 4 5 6 7 1
