0 0 0 7 3 0 6 1 2 4 5
11 1 10 7 3 6 0 1 2 4 5
10 2 8 7 3 6 5 1 2 4 0
13 1 12 7 3 4 6 1 2 0 5
12 2 10 7 3 4 6 1 2 5 0
13 3 10 0 3 6 7 1 2 4 5
12 4 8 1 3 6 7 0 2 4 5
11 5 6 1 3 6 7 2 0 4 5
10 6 4 1 3 6 7 2 4 0 5
9 7 2 1 3 6 7 2 4 5 0
11 7 4 1 3 0 7 2 4 6 5
12 6 6 5 3 6 7 1 2 4 0
12 6 6 1 3 6 7 5 2 4 0
12 8 4 1 3 6 0 2 4 5 7
12 8 4 1 3 7 0 2 4 6 5
11 9 2 1 3 7 5 2 4 6 0
13 3 10 7 3 6 5 1 2 0 4
13 3 10 7 3 4 0 1 2 5 6
14 4 10 3 0 6 7 1 2 4 5
14 6 8 2 3 6 7 1 0 4 5
13 7 6 2 3 6 7 1 4 0 5
12 8 4 2 3 6 7 1 4 5 0
14 6 8 1 0 6 7 2 3 4 5
14 10 4 1 3 0 7 2 4 5 6
13 11 2 1 3 5 7 2 4 0 6
