0 0 0 2 6 1 5 4 0 3 7
13 1 12 2 0 1 5 4 6 3 7
12 2 10 0 2 1 5 4 6 3 7
13 1 12 2 6 1 5 0 4 3 7
13 3 10 4 2 1 5 0 6 3 7
14 2 12 2 1 0 5 4 6 3 7
13 3 10 2 1 3 5 4 6 0 7
12 4 8 2 1 3 5 4 6 7 0
13 5 8 2 1 3 0 4 6 7 5
14 4 10 5 2 1 0 4 6 3 7
14 2 12 0 6 1 5 2 4 3 7
14 6 8 4 2 1 0 5 6 3 7
14 6 8 2 1 3 5 0 6 7 4
14 8 6 2 1 3 4 0 6 7 5
14 8 6 0 2 1 4 5 6 3 7
14 10 4 2 1 3 4 5 6 7 0
15 1 14 2 6 1 5 4 3 0 7
14 2 12 2 6 1 5 4 3 7 0
15 5 10 7 2 1 5 4 6 3 0
15 5 10 4 2 1 5 7 6 3 0
15 3 12 2 1 5 0 4 6 3 7
15 7 8 0 1 3 5 4 6 7 2
14 8 6 1 0 3 5 4 6 7 2
15 7 8 0 1 3 2 4 6 7 5
14 8 6 1 0 3 2 4 6 7 5
15 5 10 5 2 1 7 4 6 3 0
15 5 10 5 2 0 1 4 6 3 7
14 6 8 5 2 3 1 4 6 0 7
13 7 6 5 2 3 1 4 6 7 0
14 8 6 5 2 3 0 4 6 7 1
15 7 8 5 2 1 4 0 6 3 7
15 3 12 6 0 1 5 2 4 3 7
15 7 8 4 2 1 7 5 6 3 0
15 7 8 4 2 0 1 5 6 3 7
14 8 6 4 2 3 1 5 6 0 7
13 9 4 4 2 3 1 5 6 7 0
14 10 4 4 2 3 0 5 6 7 1
14 12 2 0 2 3 4 5 6 7 1
15 7 8 0 1 3 5 2 6 7 4
14 8 6 1 0 3 5 2 6 7 4
15 9 6 2 1 3 0 5 6 7 4
15 9 6 0 1 3 4 2 6 7 5
14 10 4 1 0 3 4 2 6 7 5
15 3 12 2 6 1 0 4 3 7 5
15 9 6 5 2 3 1 0 6 7 4
14 10 4 0 2 3 1 5 6 7 4
14 10 4 0 2 3 1 5 6 7 4
14 12 2 1 2 3 0 5 6 7 4
