0 0 0 2 6 1 5 4 0 3 7
11 1 10 2 6 1 5 4 3 0 7
12 2 10 2 6 1 5 4 3 7 0
13 1 12 2 0 1 5 4 6 3 7
12 2 10 2 1 0 5 4 6 3 7
11 3 8 2 1 3 5 4 6 0 7
11 3 8 2 1 5 0 4 6 3 7
10 4 6 2 1 5 7 4 6 3 0
12 4 8 2 1 3 5 4 0 6 7
12 4 8 2 1 3 5 4 6 7 0
13 1 12 2 6 1 5 0 4 3 7
13 5 8 2 1 5 7 4 6 0 3
13 5 8 2 1 3 5 0 4 6 7
14 2 12 2 6 0 5 4 3 1 7
13 3 10 2 6 5 0 4 3 1 7
12 4 8 2 6 5 7 4 3 1 0
14 6 8 2 1 5 3 4 6 0 7
14 2 12 0 6 1 5 2 4 3 7
14 4 10 2 6 1 0 5 4 3 7
14 6 8 2 1 5 7 4 0 6 3
14 6 8 0 1 3 5 2 4 6 7
13 7 6 1 0 3 5 2 4 6 7
12 8 4 1 3 0 5 2 4 6 7
11 9 2 1 3 5 0 2 4 6 7
