0 0 0 2 6 1 5 4 0 3 7
0 1 12 2 0 1 5 4 6 3 7
0 2 10 0 2 1 5 4 6 3 7
0 3 10 4 2 1 5 0 6 3 7
0 6 8 4 2 1 0 5 6 3 7
0 8 6 0 2 1 4 5 6 3 7
0 11 6 7 2 1 4 5 6 3 0
0 12 6 7 2 1 4 5 6 0 3
0 14 6 7 2 0 4 5 6 3 1
0 15 4 7 2 3 4 5 6 0 1
0 16 4 7 2 3 4 5 6 1 0
0 19 4 0 2 3 4 5 6 1 7
0 13 6 7 2 0 4 5 6 1 3
0 16 6 7 2 3 4 5 0 6 1
0 17 6 7 2 3 0 5 6 1 4
0 18 6 7 2 3 4 0 6 1 5
0 19 6 7 2 0 4 5 6 1 3
0 20 6 5 2 3 4 0 6 1 7
0 20 6 2 0 3 4 5 6 1 7
0 21 6 4 2 3 0 5 6 1 7
0 22 6 6 2 3 4 5 0 1 7
0 19 6 0 2 3 7 5 6 1 4
0 20 6 7 2 3 1 5 6 0 4
0 19 6 0 2 3 4 7 6 1 5
0 22 6 5 2 3 4 7 6 1 0
0 22 6 4 2 3 7 5 6 1 0
0 24 6 4 2 3 1 5 6 0 7
0 25 4 4 2 3 1 5 6 7 0
0 26 4 4 2 3 0 5 6 7 1
0 28 2 0 2 3 4 5 6 7 1
