0 0 0 0 7 5 3 4 1 2 6
15 1 14 4 7 5 3 0 1 2 6
15 1 14 7 0 5 3 4 1 2 6
15 3 12 1 7 5 3 4 0 2 6
16 2 14 3 7 5 0 4 1 2 6
15 3 12 3 7 5 6 4 1 2 0
16 2 14 4 7 5 3 1 0 2 6
16 2 14 7 1 5 3 4 0 2 6
16 2 14 7 5 0 3 4 1 2 6
15 3 12 7 5 3 0 4 1 2 6
16 4 12 1 0 5 3 4 7 2 6
16 4 12 1 7 5 3 0 4 2 6
16 4 12 1 7 5 3 4 2 0 6
15 5 10 1 7 0 3 4 2 5 6
16 4 12 3 7 5 6 4 1 0 2
16 4 12 7 5 3 6 4 1 2 0
16 6 10 7 5 3 4 0 1 2 6
16 6 10 1 0 7 3 4 2 5 6
16 6 10 1 7 3 0 4 2 5 6
17 3 14 6 7 5 3 4 1 2 0
17 3 14 4 7 5 3 6 1 2 0
17 3 14 3 7 0 5 4 1 2 6
17 5 12 3 7 5 4 0 1 2 6
17 5 12 3 7 5 6 0 1 2 4
17 3 14 4 0 5 3 1 7 2 6
17 3 14 4 7 5 3 1 2 0 6
17 3 14 7 1 5 3 0 4 2 6
17 3 14 7 1 5 3 4 2 0 6
17 3 14 7 5 2 3 4 1 0 6
17 5 12 0 5 3 7 4 1 2 6
17 5 12 1 5 0 3 4 7 2 6
16 6 10 1 5 3 0 4 7 2 6
17 5 12 1 7 5 3 4 2 6 0
17 5 12 3 7 5 6 4 0 1 2
17 5 12 7 5 3 6 4 1 0 2
17 7 10 0 5 3 4 7 1 2 6
17 7 10 7 5 3 4 1 0 2 6
17 9 8 7 0 3 4 5 1 2 6
17 7 10 1 2 7 3 4 0 5 6
17 7 10 1 7 3 6 4 2 5 0
17 9 8 1 7 3 4 0 2 5 6
17 7 10 1 5 3 6 4 7 2 0
17 9 8 1 5 3 4 0 7 2 6
18 4 14 4 0 5 3 7 1 2 6
18 4 14 4 7 5 0 3 1 2 6
17 5 12 4 7 5 6 3 1 2 0
18 6 12 0 7 5 6 4 1 2 3
18 6 12 7 5 3 2 4 1 0 6
18 6 12 1 7 5 3 6 4 2 0
18 6 12 7 5 3 6 0 1 2 4
18 8 10 7 5 3 4 6 1 2 0
18 4 14 6 7 5 0 4 1 2 3
18 4 14 6 7 5 3 4 1 0 2
18 4 14 4 7 5 0 6 1 2 3
18 4 14 4 7 5 3 6 1 0 2
18 4 14 3 7 2 5 4 1 0 6
18 4 14 3 0 7 5 4 1 2 6
18 6 12 0 7 5 4 3 1 2 6
18 6 12 3 7 5 4 1 0 2 6
18 6 12 0 7 5 6 3 1 2 4
18 6 12 3 7 5 6 1 0 2 4
18 4 14 0 4 5 3 1 7 2 6
17 5 12 1 4 5 3 0 7 2 6
18 4 14 4 5 0 3 1 7 2 6
17 5 12 4 5 3 0 1 7 2 6
17 7 10 0 5 3 4 1 7 2 6
16 8 8 1 5 3 4 0 7 2 6
17 7 10 0 5 3 4 1 7 2 6
17 9 8 1 5 3 4 7 0 2 6
17 11 6 1 0 3 4 5 7 2 6
17 9 8 1 5 3 4 7 0 2 6
17 11 6 1 0 3 4 5 7 2 6
18 4 14 4 7 0 3 1 2 5 6
17 5 12 4 7 3 0 1 2 5 6
17 7 10 0 7 3 4 1 2 5 6
16 8 8 1 7 3 4 0 2 5 6
17 7 10 0 7 3 4 1 2 5 6
17 9 8 1 7 3 4 2 0 5 6
17 9 8 1 7 3 4 2 0 5 6
18 4 14 4 7 5 3 1 2 6 0
18 4 14 0 1 5 3 7 4 2 6
17 5 12 1 0 5 3 7 4 2 6
17 5 12 1 0 5 3 7 4 2 6
18 4 14 7 1 0 3 4 2 5 6
17 5 12 7 1 3 0 4 2 5 6
18 4 14 7 1 5 3 4 2 6 0
18 4 14 7 5 2 3 4 0 1 6
18 4 14 7 5 2 3 4 1 6 0
18 6 12 4 5 3 7 0 1 2 6
18 6 12 5 0 3 7 4 1 2 6
18 8 10 1 5 3 7 4 0 2 6
18 6 12 1 5 2 3 4 7 0 6
17 7 10 1 5 2 3 4 0 7 6
18 6 12 1 7 5 0 4 2 6 3
18 6 12 3 0 5 6 4 7 1 2
18 6 12 3 7 5 6 0 4 1 2
18 6 12 7 5 3 6 4 0 1 2
18 8 10 5 0 3 4 7 1 2 6
18 8 10 7 0 3 4 1 5 2 6
18 8 10 7 5 3 4 1 2 0 6
18 10 8 7 1 3 4 5 0 2 6
18 10 8 0 7 3 4 5 1 2 6
18 8 10 1 2 7 3 0 4 5 6
18 8 10 1 2 7 3 4 5 0 6
17 9 8 1 2 0 3 4 5 7 6
16 10 6 1 2 3 0 4 5 7 6
17 11 6 1 2 3 6 4 5 7 0
17 13 4 1 2 3 4 0 5 7 6
16 14 2 1 2 3 4 5 0 7 6
18 8 10 1 7 3 6 4 2 0 5
18 8 10 1 5 3 6 4 7 0 2
17 9 8 1 5 3 6 4 0 7 2
18 10 8 1 5 3 4 7 0 2 6
18 6 12 0 7 5 4 3 1 2 6
18 6 12 4 7 5 6 3 1 0 2
18 6 12 0 7 5 4 6 1 2 3
18 6 12 1 4 5 3 7 0 2 6
18 6 12 4 5 3 6 1 7 2 0
18 8 10 5 0 3 4 1 7 2 6
18 10 8 1 5 3 4 6 7 2 0
18 10 8 1 5 3 4 6 7 2 0
18 8 10 5 0 3 4 1 7 2 6
18 10 8 1 0 3 4 7 5 2 6
18 10 8 1 5 3 4 7 2 0 6
18 12 6 1 7 3 4 5 0 2 6
18 10 8 1 0 3 4 7 5 2 6
18 10 8 1 5 3 4 7 2 0 6
18 12 6 1 7 3 4 5 0 2 6
18 6 12 4 7 3 6 1 2 5 0
18 8 10 7 0 3 4 1 2 5 6
17 9 8 7 2 3 4 1 0 5 6
18 10 8 1 7 3 4 6 2 5 0
18 10 8 1 7 3 4 6 2 5 0
18 8 10 7 0 3 4 1 2 5 6
18 10 8 1 0 3 4 2 7 5 6
18 10 8 1 7 3 4 2 5 0 6
18 10 8 1 0 3 4 2 7 5 6
18 10 8 1 7 3 4 2 5 0 6
18 6 12 1 4 5 3 7 0 2 6
18 6 12 1 5 0 3 7 4 2 6
17 7 10 1 5 3 0 7 4 2 6
18 6 12 1 4 5 3 7 0 2 6
18 6 12 1 5 0 3 7 4 2 6
18 6 12 7 1 3 6 4 2 5 0
18 8 10 7 1 3 4 0 2 5 6
18 8 10 1 0 2 3 4 5 7 6
18 8 10 1 5 2 3 0 4 7 6
18 10 8 1 0 3 6 4 5 7 2
18 10 8 1 5 3 6 0 4 7 2
18 10 8 7 2 3 4 0 1 5 6
18 10 8 7 2 3 4 1 5 0 6
18 8 10 1 5 3 6 7 4 2 0
19 5 14 3 7 5 2 4 1 0 6
19 5 14 0 1 5 3 4 7 2 6
19 5 14 0 7 5 3 1 4 2 6
19 7 12 1 7 5 0 3 4 2 6
19 5 14 3 7 0 6 4 1 5 2
19 7 12 0 5 3 6 4 1 2 7
19 9 10 1 7 3 5 4 2 0 6
19 5 14 6 7 5 3 0 1 2 4
19 7 12 3 7 5 4 6 1 2 0
19 5 14 7 1 5 3 6 4 2 0
19 9 10 1 5 3 2 4 7 0 6
18 10 8 1 5 3 2 4 0 7 6
19 7 12 1 7 5 3 0 2 6 4
19 9 10 1 7 3 6 0 2 5 4
19 9 10 1 5 3 6 0 7 2 4
19 5 14 4 1 5 3 7 0 2 6
19 5 14 0 4 5 3 7 1 2 6
19 5 14 4 5 0 3 7 1 2 6
18 6 12 4 5 3 0 7 1 2 6
18 6 12 4 5 3 0 7 1 2 6
19 5 14 4 7 0 5 3 1 2 6
19 7 12 4 7 5 6 0 1 2 3
19 7 12 4 7 5 6 0 1 2 3
19 7 12 7 0 5 6 4 1 2 3
19 7 12 7 5 3 2 4 0 1 6
19 7 12 7 5 3 2 4 1 6 0
19 7 12 1 7 5 0 6 4 2 3
19 7 12 1 7 5 3 6 4 0 2
19 7 12 0 5 3 6 7 1 2 4
19 7 12 7 5 3 6 1 0 2 4
19 9 10 7 0 3 6 5 1 2 4
19 9 10 7 5 3 4 6 1 0 2
19 5 14 6 7 0 5 4 1 2 3
19 7 12 6 7 5 4 0 1 2 3
19 5 14 6 7 0 3 4 1 5 2
18 6 12 6 7 3 0 4 1 5 2
19 5 14 6 7 5 3 4 0 1 2
19 5 14 4 7 0 5 6 1 2 3
19 7 12 4 7 5 6 0 1 2 3
19 5 14 4 7 0 3 6 1 5 2
18 6 12 4 7 3 0 6 1 5 2
18 8 10 0 7 3 4 6 1 5 2
19 5 14 4 7 5 3 6 0 1 2
18 6 12 4 7 5 3 0 6 1 2
19 5 14 3 7 2 5 4 0 1 6
19 5 14 3 7 2 5 4 1 6 0
19 5 14 3 1 7 5 4 0 2 6
19 5 14 0 3 7 5 4 1 2 6
19 7 12 7 0 5 4 3 1 2 6
19 9 10 1 7 5 4 3 0 2 6
19 7 12 3 0 5 4 1 7 2 6
19 7 12 3 7 5 4 1 2 0 6
19 7 12 7 0 5 6 3 1 2 4
19 7 12 3 0 5 6 1 7 2 4
19 7 12 3 7 5 6 1 2 0 4
19 7 12 1 4 5 3 6 7 2 0
19 5 14 4 5 2 3 1 7 0 6
18 6 12 4 5 2 3 1 0 7 6
19 5 14 4 0 7 3 1 2 5 6
18 6 12 4 2 7 3 1 0 5 6
19 11 8 1 0 3 4 7 2 5 6
18 12 6 1 2 3 4 7 0 5 6
19 11 8 1 0 3 4 7 2 5 6
19 5 14 4 7 5 0 1 2 6 3
19 5 14 7 0 1 3 4 2 5 6
18 6 12 7 2 1 3 4 0 5 6
17 7 10 7 2 1 3 0 4 5 6
18 8 10 0 2 1 3 7 4 5 6
19 7 12 0 1 3 7 4 2 5 6
18 8 10 1 0 3 7 4 2 5 6
17 9 8 1 2 3 7 4 0 5 6
18 10 8 1 2 3 7 4 5 0 6
18 10 8 1 2 3 7 0 4 5 6
18 10 8 1 2 3 7 4 5 0 6
19 5 14 7 1 5 0 4 2 6 3
19 7 12 0 1 5 3 4 2 6 7
19 5 14 7 0 2 3 4 5 1 6
18 6 12 7 2 0 3 4 5 1 6
17 7 10 7 2 3 0 4 5 1 6
18 8 10 7 2 3 6 4 5 1 0
18 10 8 7 2 3 4 0 5 1 6
17 11 6 7 2 3 4 5 0 1 6
18 12 6 7 2 3 4 5 1 0 6
19 5 14 7 5 2 3 0 4 1 6
19 5 14 7 5 2 0 4 1 6 3
19 7 12 0 5 2 3 4 1 6 7
19 7 12 4 5 3 7 1 0 2 6
19 9 10 4 0 3 7 5 1 2 6
19 7 12 5 1 3 7 4 0 2 6
19 9 10 1 0 3 7 4 5 2 6
19 9 10 1 5 3 7 0 4 2 6
19 9 10 1 5 3 7 4 2 0 6
19 7 12 1 5 2 3 4 7 6 0
19 7 12 1 7 0 5 4 2 6 3
19 9 10 1 7 5 4 0 2 6 3
19 7 12 0 3 5 6 4 7 1 2
19 7 12 0 7 5 6 3 4 1 2
19 7 12 7 0 3 6 4 5 1 2
19 7 12 7 5 3 6 0 4 1 2
19 9 10 5 1 3 4 7 0 2 6
19 9 10 0 7 3 4 1 5 2 6
18 10 8 1 7 3 4 0 5 2 6
17 11 6 1 7 3 4 5 0 2 6
18 10 8 1 7 3 4 0 5 2 6
17 11 6 1 7 3 4 5 0 2 6
18 12 6 1 7 3 4 5 2 0 6
18 12 6 1 7 3 4 5 2 0 6
18 12 6 1 7 3 4 5 2 0 6
19 9 10 7 5 3 4 1 2 6 0
19 11 8 7 1 3 4 5 2 0 6
19 9 10 0 2 7 3 1 4 5 6
19 9 10 1 2 7 3 4 5 6 0
17 12 5 1 2 0 3 4 5 6 7
17 13 4 1 2 3 0 4 5 6 7
19 13 6 1 2 3 6 0 5 7 4
18 14 4 1 2 3 6 5 0 7 4
19 15 4 1 2 3 4 6 5 7 0
19 15 4 1 0 3 4 5 2 7 6
19 15 4 1 2 3 4 5 7 0 6
19 9 10 1 7 3 6 4 0 2 5
19 7 12 7 0 5 4 3 1 2 6
19 9 10 1 7 5 4 3 0 2 6
19 7 12 4 7 5 6 3 0 1 2
19 7 12 6 7 5 4 0 1 2 3
19 7 12 7 0 5 4 6 1 2 3
19 9 10 1 7 5 4 6 0 2 3
18 10 8 1 7 5 4 0 6 2 3
19 7 12 1 4 5 3 7 2 0 6
18 8 10 1 4 0 3 7 2 5 6
19 7 12 4 5 3 6 1 7 0 2
18 8 10 4 5 3 6 1 0 7 2
19 9 10 5 7 3 4 1 0 2 6
19 11 8 1 5 3 4 6 7 0 2
18 12 6 1 5 3 4 6 0 7 2
17 13 4 1 5 3 4 0 6 7 2
18 16 2 1 0 3 4 5 6 7 2
19 11 8 1 5 3 4 6 7 0 2
19 9 10 5 7 3 4 1 0 2 6
19 11 8 1 5 3 4 7 2 6 0
19 11 8 1 5 3 4 7 2 6 0
19 13 6 1 7 3 4 5 2 0 6
19 7 12 4 7 3 6 1 2 0 5
19 9 10 7 3 0 4 1 2 5 6
19 11 8 1 7 3 4 6 2 0 5
19 11 8 1 7 3 4 6 2 0 5
19 9 10 7 3 0 4 1 2 5 6
19 11 8 1 7 3 4 2 5 6 0
19 11 8 1 7 3 4 2 5 6 0
19 7 12 1 4 5 3 7 2 0 6
19 7 12 1 5 2 3 7 4 0 6
19 7 12 1 4 5 3 7 2 0 6
19 7 12 1 5 2 3 7 4 0 6
19 7 12 7 1 3 6 4 2 0 5
19 9 10 0 1 3 4 7 2 5 6
18 10 8 1 0 3 4 7 2 5 6
17 11 6 1 2 3 4 7 0 5 6
18 12 6 1 2 3 4 0 7 5 6
18 12 6 1 2 3 4 7 5 0 6
18 12 6 1 2 3 4 0 7 5 6
18 12 6 1 2 3 4 7 5 0 6
19 9 10 7 1 3 4 2 0 5 6
19 11 8 1 0 2 3 5 4 7 6
18 12 6 1 2 0 3 5 4 7 6
17 13 4 1 2 3 0 5 4 7 6
18 14 4 1 2 3 6 5 4 7 0
19 13 6 1 0 3 6 5 4 7 2
19 11 8 0 2 3 4 7 1 5 6
19 11 8 7 2 3 4 1 5 6 0
19 9 10 1 5 3 6 7 4 0 2
19 11 8 1 0 3 2 4 5 7 6
19 11 8 1 5 3 2 0 4 7 6
19 7 12 4 5 3 6 7 1 2 0
19 7 12 4 5 3 6 7 1 2 0
19 7 12 6 7 3 2 4 1 5 0
19 9 10 6 7 3 4 0 1 5 2
19 7 12 4 7 3 2 6 1 5 0
19 9 10 6 7 3 4 0 1 5 2
19 9 10 7 0 3 4 6 1 5 2
19 11 8 1 7 3 4 6 0 5 2
18 12 6 1 7 3 4 0 6 5 2
19 7 12 0 7 5 3 4 6 1 2
19 7 12 4 0 2 3 1 5 7 6
18 8 10 4 2 0 3 1 5 7 6
17 9 8 4 2 3 0 1 5 7 6
17 11 6 0 2 3 4 1 5 7 6
16 12 4 1 2 3 4 0 5 7 6
15 13 2 1 2 3 4 5 0 7 6
17 11 6 0 2 3 4 1 5 7 6
18 10 8 4 2 3 6 1 5 7 0
18 14 4 1 2 3 4 6 5 7 0
18 14 4 1 0 3 4 5 2 7 6
18 14 4 1 2 3 4 5 7 0 6
19 7 12 4 5 2 3 0 1 7 6
19 7 12 4 2 7 3 0 1 5 6
19 7 12 4 2 7 3 1 5 0 6
19 7 12 0 7 5 4 1 2 6 3
18 8 10 1 7 5 4 0 2 6 3
19 7 12 7 2 1 3 4 5 0 6
19 9 10 2 0 1 3 7 4 5 6
19 9 10 1 3 0 7 4 2 5 6
19 11 8 1 2 3 7 4 5 6 0
16 12 4 1 2 3 0 4 5 6 7
18 15 3 1 2 3 4 0 5 6 7
18 15 3 1 2 3 4 0 5 6 7
18 16 2 1 2 3 4 5 0 6 7
18 16 2 1 2 3 4 5 0 6 7
18 17 1 1 2 3 4 5 6 0 7
18 17 1 1 2 3 4 5 6 0 7
