0 0 0 0 7 5 3 4 1 2 6
0 2 10 3 7 5 0 4 1 2 6
0 3 10 1 7 5 3 4 0 2 6
0 4 8 1 7 5 3 4 2 0 6
0 5 6 1 7 5 3 4 2 6 0
0 6 8 1 7 5 0 4 2 6 3
0 3 10 3 7 5 6 4 1 2 0
0 4 10 1 7 5 3 0 4 2 6
0 6 8 1 7 5 3 6 4 2 0
0 7 8 1 7 5 0 3 4 2 6
0 8 8 1 7 5 6 3 4 2 0
0 5 10 1 7 0 3 4 2 5 6
0 6 8 1 7 3 0 4 2 5 6
0 7 8 1 7 3 6 4 2 5 0
0 9 8 1 7 3 5 4 2 0 6
0 10 6 1 7 3 5 4 2 6 0
0 11 8 1 7 3 0 4 2 6 5
0 7 10 1 7 5 3 0 2 6 4
0 8 8 1 7 5 3 2 0 6 4
0 10 8 1 7 5 0 3 2 6 4
0 9 8 1 7 5 3 2 6 0 4
0 10 6 1 7 5 3 2 6 4 0
0 11 8 1 7 5 4 3 2 6 0
0 11 8 1 7 5 0 2 6 4 3
0 8 10 1 7 0 3 4 2 6 5
0 7 10 1 7 0 5 4 2 6 3
0 9 10 1 7 5 6 4 2 0 3
0 10 8 1 7 5 6 4 2 3 0
0 11 8 1 7 5 0 4 2 3 6
0 7 10 1 7 5 0 6 4 2 3
0 7 10 1 7 5 3 6 4 0 2
0 8 10 1 7 0 5 3 4 2 6
0 10 10 1 7 5 2 3 4 0 6
0 11 8 1 7 5 2 3 4 6 0
0 12 8 1 7 5 0 3 4 6 2
0 9 10 1 7 5 6 3 4 0 2
0 6 10 1 0 7 3 4 2 5 6
0 9 10 1 7 3 4 0 2 5 6
0 11 6 1 7 3 4 6 2 5 0
0 12 8 1 7 3 0 6 2 5 4
0 12 8 1 7 3 4 6 2 0 5
0 8 10 1 7 3 6 4 2 0 5
0 10 10 1 7 0 5 4 2 3 6
0 10 10 1 7 3 5 4 0 2 6
0 12 10 1 7 3 5 0 2 6 4
0 15 6 1 7 3 0 5 2 6 4
0 16 4 1 7 3 4 5 2 6 0
0 17 6 1 7 3 4 5 2 0 6
0 13 8 1 7 3 5 2 0 6 4
0 16 8 1 7 0 3 5 2 6 4
0 18 8 1 7 3 6 5 2 0 4
0 19 8 1 7 0 4 5 2 6 3
0 18 8 1 7 0 4 5 2 3 6
0 18 8 1 7 3 4 5 0 2 6
0 14 8 1 7 3 5 2 6 0 4
0 15 6 1 7 3 5 2 6 4 0
0 17 8 1 7 6 3 5 2 0 4
0 17 8 1 0 7 3 5 2 6 4
0 18 6 1 2 7 3 5 0 6 4
0 19 4 1 2 7 3 5 6 0 4
0 20 4 1 2 0 3 5 6 7 4
0 21 2 1 2 3 0 5 6 7 4
