0 0 0 1 7 4 6 3 0 5 2
15 1 14 1 7 4 6 0 3 5 2
11 3 8 1 7 4 6 2 3 5 0
12 4 8 1 7 4 0 2 3 5 6
14 4 10 1 7 4 6 2 3 0 5
15 1 14 1 7 4 6 3 5 0 2
14 2 12 1 7 4 6 3 5 2 0
15 5 10 1 7 0 4 2 3 5 6
14 6 8 1 7 5 4 2 3 0 6
13 7 6 1 7 5 4 2 3 6 0
14 8 6 1 7 5 0 2 3 6 4
15 7 8 1 7 4 5 2 3 0 6
14 8 6 1 7 4 5 2 3 6 0
15 5 10 1 7 0 6 2 3 4 5
14 6 8 1 7 6 0 2 3 4 5
13 7 6 1 7 6 5 2 3 4 0
15 3 12 1 7 4 0 3 5 2 6
16 4 12 1 7 4 0 6 3 5 2
15 5 10 1 7 4 2 6 3 5 0
16 6 10 1 7 0 6 2 3 5 4
15 7 8 1 7 5 6 2 3 0 4
14 8 6 1 7 5 6 2 3 4 0
15 7 8 1 7 5 6 2 3 0 4
15 7 8 1 7 6 0 2 3 5 4
15 9 6 1 7 5 0 2 3 4 6
16 2 14 1 7 0 6 3 5 4 2
15 3 12 1 7 6 0 3 5 4 2
16 6 10 1 0 7 4 2 3 5 6
15 7 8 1 3 7 4 2 0 5 6
16 8 8 1 7 0 5 2 3 4 6
16 6 10 1 0 7 6 2 3 4 5
15 7 8 1 3 7 6 2 0 4 5
14 8 6 1 3 7 6 2 4 0 5
13 9 4 1 3 7 6 2 4 5 0
14 10 4 1 3 7 0 2 4 5 6
15 11 4 1 3 0 7 2 4 5 6
14 12 2 1 3 5 7 2 4 0 6
