0 0 0 1 7 4 6 3 0 5 2
0 1 12 1 0 4 6 3 7 5 2
0 1 12 1 7 4 6 0 3 5 2
0 1 12 1 7 4 6 3 5 0 2
0 2 12 1 4 0 6 3 7 5 2
0 3 12 1 7 4 6 2 3 5 0
0 4 10 1 7 4 0 2 3 5 6
0 5 10 1 7 0 4 2 3 5 6
0 6 10 0 7 4 1 2 3 5 6
0 7 10 1 7 4 5 2 3 0 6
0 7 10 1 7 4 2 0 3 5 6
0 6 10 1 7 5 4 2 3 0 6
0 6 10 1 0 7 4 2 3 5 6
0 7 10 7 0 4 1 2 3 5 6
0 9 10 3 7 4 1 2 0 5 6
0 8 10 1 7 0 5 2 3 4 6
0 8 10 1 7 4 5 2 0 3 6
0 8 10 1 7 4 5 2 3 6 0
0 8 10 1 7 4 2 3 0 5 6
0 10 10 1 0 4 2 7 3 5 6
0 7 10 1 7 5 4 2 0 3 6
0 7 10 1 7 5 4 2 3 6 0
0 7 10 1 3 7 4 2 0 5 6
0 7 10 0 1 7 4 2 3 5 6
0 8 10 7 3 4 1 2 0 5 6
0 8 10 7 4 0 1 2 3 5 6
0 10 10 3 0 4 1 2 7 5 6
0 10 10 3 7 4 1 2 5 0 6
0 9 10 1 0 7 5 2 3 4 6
0 9 10 1 7 5 0 2 3 4 6
0 9 10 1 0 4 5 2 7 3 6
0 9 10 1 7 4 5 0 2 3 6
0 10 10 1 7 4 5 0 3 6 2
0 11 10 1 7 0 5 2 3 6 4
0 11 10 0 7 4 5 2 3 6 1
0 9 10 1 0 4 2 3 7 5 6
0 9 10 1 7 4 2 3 5 0 6
0 11 10 1 3 4 2 7 0 5 6
0 11 10 1 4 0 2 7 3 5 6
0 8 10 1 0 5 4 2 7 3 6
0 8 10 1 7 5 4 0 2 3 6
0 9 10 1 7 5 4 0 3 6 2
0 10 10 1 7 0 4 2 3 6 5
0 8 10 1 3 7 4 0 2 5 6
0 8 10 1 3 7 4 2 5 0 6
0 9 8 1 3 0 4 2 5 7 6
0 10 6 1 0 3 4 2 5 7 6
0 11 6 1 5 3 4 2 0 7 6
0 12 6 1 5 3 4 0 2 7 6
0 15 4 1 0 3 4 5 2 7 6
0 16 2 1 2 3 4 5 0 7 6
0 17 4 1 2 3 4 0 5 7 6
0 17 4 1 2 3 4 5 7 0 6
0 19 4 1 2 3 4 6 5 7 0
0 18 4 1 2 3 4 5 7 6 0
0 14 6 1 5 3 4 6 2 7 0
0 16 6 0 1 3 4 5 2 7 6
0 16 6 1 3 0 4 5 2 7 6
0 18 6 0 2 3 4 1 5 7 6
0 20 6 1 2 3 0 4 5 7 6
0 18 6 1 2 0 4 5 7 3 6
0 20 6 1 2 3 0 6 5 7 4
0 20 6 1 2 3 4 6 5 0 7
0 22 6 1 2 0 4 6 5 7 3
0 22 6 0 2 3 4 6 5 7 1
0 19 6 1 2 3 0 5 7 6 4
0 20 6 1 2 3 4 0 7 6 5
0 21 6 1 2 0 4 5 7 6 3
0 21 6 0 2 3 4 5 7 6 1
0 19 6 2 1 3 4 5 0 7 6
0 19 6 6 1 3 4 5 2 7 0
0 21 6 5 2 3 4 1 0 7 6
0 21 6 6 2 3 4 1 5 7 0
0 21 6 1 2 3 6 4 5 7 0
0 23 6 1 2 3 6 0 5 7 4
0 24 4 1 2 3 6 5 0 7 4
0 21 6 1 2 3 4 6 0 5 7
0 22 4 1 2 3 4 0 6 5 7
0 24 4 1 2 3 4 7 6 5 0
0 25 4 1 2 3 4 7 6 0 5
0 23 6 6 2 3 4 0 5 7 1
0 24 4 6 2 3 4 5 0 7 1
0 25 6 5 2 3 4 6 0 7 1
0 26 4 5 2 3 4 0 6 7 1
0 27 2 0 2 3 4 5 6 7 1
