0 0 0 0 2 1 6 5 4 7 3
0 2 10 6 2 1 0 5 4 7 3
0 3 8 6 2 1 3 5 4 7 0
0 3 10 3 2 1 6 5 4 7 0
0 4 10 6 2 1 3 5 4 0 7
0 4 10 3 2 1 0 5 4 7 6
0 5 10 6 2 1 3 5 0 4 7
0 7 10 3 2 1 7 5 4 0 6
0 8 8 3 2 1 7 5 4 6 0
0 9 10 3 2 1 0 5 4 6 7
0 10 10 3 2 1 7 0 4 6 5
0 13 8 3 0 1 7 2 4 6 5
0 14 6 3 1 0 7 2 4 6 5
0 15 6 3 1 6 7 2 4 0 5
0 16 4 3 1 6 7 2 4 5 0
0 15 6 3 1 7 0 2 4 6 5
0 16 4 3 1 7 5 2 4 6 0
0 17 6 3 1 6 0 2 4 5 7
0 19 6 3 1 0 7 2 4 5 6
0 20 4 3 1 5 7 2 4 0 6
0 21 2 3 1 5 7 2 4 6 0
0 22 4 3 1 5 0 2 4 6 7
0 17 6 3 1 7 5 2 4 0 6
0 19 6 3 1 0 5 2 4 6 7
0 20 6 3 1 6 5 2 4 0 7
0 20 6 3 1 7 0 2 4 5 6
0 21 6 3 1 5 7 2 0 4 6
0 23 6 3 1 0 5 2 4 6 7
0 25 6 3 1 5 6 2 4 0 7
0 20 6 3 1 6 5 2 4 0 7
0 21 6 3 1 6 5 2 4 7 0
0 21 6 3 1 7 6 2 4 5 0
0 26 6 3 1 5 6 2 4 7 0
0 21 6 3 1 6 5 2 4 7 0
0 27 6 3 1 5 0 2 4 7 6
0 14 8 3 4 1 7 2 0 6 5
0 14 8 0 3 1 7 2 4 6 5
0 17 4 5 3 1 7 2 4 6 0
0 18 6 5 3 1 0 2 4 6 7
0 18 6 5 3 1 7 2 4 0 6
0 16 8 3 1 6 7 2 0 4 5
0 18 8 3 1 7 6 2 4 0 5
0 18 8 3 1 0 6 2 4 5 7
0 20 8 3 0 1 7 2 4 5 6
0 23 8 3 1 5 7 0 4 6 2
0 24 8 0 1 5 7 2 4 6 3
0 25 6 1 0 5 7 2 4 6 3
0 26 6 1 4 5 7 2 0 6 3
0 26 6 1 5 0 7 2 4 6 3
0 27 6 1 4 5 7 2 6 0 3
0 28 4 1 4 5 7 2 6 3 0
0 27 6 1 5 6 7 2 4 0 3
0 28 4 1 5 6 7 2 4 3 0
0 27 6 1 5 7 0 2 4 6 3
0 28 4 1 5 7 3 2 4 6 0
0 29 6 1 4 5 0 2 6 3 7
0 29 6 1 5 6 0 2 4 3 7
0 31 6 1 5 0 7 2 4 3 6
0 32 4 1 5 3 7 2 4 0 6
0 33 2 1 5 3 7 2 4 6 0
0 34 4 1 5 3 0 2 4 6 7
0 29 6 1 5 7 3 2 4 0 6
0 31 6 1 5 0 3 2 4 6 7
0 32 6 1 4 5 3 2 6 0 7
0 32 6 1 5 6 3 2 4 0 7
0 32 6 1 0 5 7 2 4 3 6
0 32 6 1 5 7 0 2 4 3 6
0 33 6 1 5 3 7 2 0 4 6
0 35 6 1 5 0 3 2 4 6 7
0 37 6 1 5 3 6 2 4 0 7
0 32 6 1 5 6 3 2 4 0 7
0 32 6 1 0 5 3 2 4 6 7
0 33 6 1 4 5 3 2 0 6 7
0 33 6 1 4 5 3 2 6 7 0
0 33 6 1 5 6 3 2 4 7 0
0 33 6 1 4 5 7 2 0 3 6
0 34 4 1 4 5 7 2 3 0 6
0 35 2 1 4 5 7 2 3 6 0
0 36 4 1 4 5 0 2 3 6 7
0 33 6 1 5 7 6 2 4 3 0
0 36 6 1 0 5 3 2 4 6 7
0 38 6 1 5 3 6 2 4 7 0
0 33 6 1 5 6 3 2 4 7 0
0 33 6 1 4 5 3 2 0 6 7
0 35 6 1 4 0 7 2 3 5 6
0 38 6 1 4 0 7 2 3 6 5
0 37 6 1 4 0 5 2 3 6 7
0 39 6 1 4 5 6 2 3 0 7
0 39 6 1 5 3 0 2 4 7 6
0 36 6 1 4 7 0 2 3 5 6
0 39 6 1 4 6 7 2 3 0 5
0 40 4 1 4 6 7 2 3 5 0
0 39 6 1 4 7 0 2 3 6 5
0 40 4 1 4 7 5 2 3 6 0
0 38 6 1 4 6 5 2 3 0 7
0 40 6 1 4 5 6 2 3 7 0
0 37 6 1 4 7 6 2 3 5 0
0 39 6 1 4 7 5 2 3 0 6
0 41 6 1 4 6 0 2 3 5 7
0 41 6 1 4 7 5 2 3 0 6
0 39 6 1 4 6 5 2 3 7 0
0 41 6 1 4 5 0 2 3 7 6
0 24 8 0 1 5 3 2 4 6 7
0 27 6 7 1 5 3 2 4 6 0
0 18 8 3 1 0 5 2 4 7 6
0 18 8 3 1 7 5 2 0 4 6
0 20 8 3 0 1 5 2 4 6 7
0 21 8 3 1 6 5 2 0 4 7
0 22 8 3 0 5 7 2 1 4 6
0 22 8 3 1 5 7 0 2 4 6
0 24 6 3 1 5 7 6 2 4 0
0 24 8 3 0 1 5 2 4 6 7
0 26 8 3 1 0 6 2 4 5 7
0 26 8 3 1 5 6 2 0 4 7
0 21 8 3 1 6 5 2 0 4 7
0 22 8 3 1 6 0 2 4 7 5
0 24 8 3 1 0 5 2 4 7 6
0 22 8 3 1 7 6 2 4 0 5
0 24 8 3 1 0 6 2 4 5 7
0 22 8 3 1 6 0 2 4 7 5
0 24 8 3 1 0 5 2 4 7 6
0 28 8 3 1 0 5 2 4 7 6
0 15 8 3 4 1 7 2 6 0 5
0 16 6 3 4 1 7 2 6 5 0
0 15 8 2 3 1 7 0 4 6 5
0 17 6 2 3 1 7 5 4 6 0
0 16 8 7 3 1 0 2 4 6 5
0 17 6 7 3 1 5 2 4 6 0
0 17 8 4 3 1 7 2 0 6 5
0 20 8 5 3 0 7 2 4 6 1
0 19 8 5 3 0 1 2 4 6 7
0 20 8 0 3 1 5 2 4 6 7
0 21 8 5 3 1 6 2 4 0 7
0 19 8 5 3 0 7 2 4 1 6
0 19 8 5 3 1 7 2 0 4 6
0 21 8 3 4 1 7 2 0 5 6
0 21 8 0 3 1 7 2 4 5 6
0 24 6 6 3 1 7 2 4 5 0
0 24 8 3 1 5 7 4 0 6 2
0 26 8 3 0 5 7 1 4 6 2
0 25 8 2 1 5 7 0 4 6 3
0 27 4 2 1 5 7 3 4 6 0
0 28 6 2 1 5 0 3 4 6 7
0 28 6 2 1 5 7 3 4 0 6
0 26 8 7 1 5 0 2 4 6 3
0 27 8 4 1 5 7 2 0 6 3
0 27 8 1 4 5 7 0 2 6 3
0 29 4 1 4 5 7 3 2 6 0
0 30 6 1 4 5 0 3 2 6 7
0 30 6 1 4 5 7 3 2 0 6
0 28 8 1 4 0 7 2 6 5 3
0 31 8 1 4 0 7 2 6 3 5
0 32 6 1 4 3 7 2 6 0 5
0 33 4 1 4 3 7 2 6 5 0
0 33 6 1 4 3 7 2 0 6 5
0 34 6 1 4 3 0 2 6 5 7
0 34 6 1 0 3 7 2 4 6 5
0 35 4 1 3 0 7 2 4 6 5
0 36 4 1 3 6 7 2 4 0 5
0 37 2 1 3 6 7 2 4 5 0
0 36 4 1 3 7 0 2 4 6 5
0 37 2 1 3 7 5 2 4 6 0
0 38 4 1 3 6 0 2 4 5 7
0 40 4 1 3 0 7 2 4 5 6
0 41 2 1 3 5 7 2 4 0 6
