0 0 0 5 2 0 7 6 4 1 3
13 1 12 5 2 1 7 6 4 0 3
13 1 12 5 2 7 0 6 4 1 3
14 2 12 5 2 1 7 6 0 4 3
13 3 10 5 2 1 7 0 6 4 3
12 4 8 0 2 1 7 5 6 4 3
14 2 12 5 2 1 7 6 4 3 0
14 2 12 5 2 7 3 6 4 1 0
14 6 8 7 2 1 0 5 6 4 3
15 1 14 5 0 2 7 6 4 1 3
15 3 12 0 2 7 5 6 4 1 3
15 5 10 5 2 1 7 3 6 4 0
15 5 10 2 0 1 7 5 6 4 3
15 7 8 3 2 1 7 5 6 4 0
15 3 12 5 2 1 0 6 4 3 7
15 3 12 5 2 7 3 6 4 0 1
14 4 10 5 2 0 3 6 4 7 1
13 5 8 5 2 3 0 6 4 7 1
14 6 8 5 2 3 1 6 4 7 0
15 7 8 7 2 1 3 5 6 4 0
15 7 8 7 2 0 1 5 6 4 3
15 9 6 7 2 1 4 5 6 0 3
15 7 8 0 2 3 5 6 4 7 1
16 4 12 5 2 7 1 6 4 0 3
15 5 10 5 2 0 1 6 4 7 3
15 5 10 5 2 0 1 6 4 7 3
16 4 12 5 2 7 6 0 4 1 3
15 5 10 0 2 7 6 5 4 1 3
16 6 10 5 2 1 0 7 6 4 3
16 4 12 5 2 1 7 0 4 3 6
15 5 10 0 2 1 7 5 4 3 6
16 4 12 5 2 7 3 0 4 1 6
15 5 10 0 2 7 3 5 4 1 6
16 2 14 5 4 2 7 6 0 1 3
15 3 12 5 4 2 7 0 6 1 3
14 4 10 0 4 2 7 5 6 1 3
15 5 10 4 0 2 7 5 6 1 3
14 6 8 4 2 0 7 5 6 1 3
15 7 8 4 2 1 7 5 6 0 3
15 7 8 4 2 7 0 5 6 1 3
15 9 6 0 2 7 4 5 6 1 3
16 2 14 0 5 2 7 6 4 1 3
16 4 12 6 2 7 5 0 4 1 3
16 6 10 5 2 1 0 3 6 4 7
16 6 10 5 2 1 7 3 6 0 4
16 6 10 2 1 0 7 5 6 4 3
16 8 8 3 2 1 0 5 6 4 7
16 8 8 3 2 1 7 5 6 0 4
16 4 12 5 2 0 1 6 4 3 7
15 5 10 5 2 3 1 6 4 0 7
15 5 10 5 2 3 1 6 4 0 7
16 4 12 5 2 7 3 6 0 4 1
15 5 10 5 2 7 3 0 6 4 1
14 6 8 0 2 7 3 5 6 4 1
15 9 6 1 2 7 3 5 6 4 0
16 8 8 5 2 3 6 0 4 7 1
15 9 6 0 2 3 6 5 4 7 1
16 8 8 5 2 3 1 0 4 7 6
15 9 6 0 2 3 1 5 4 7 6
15 11 4 1 2 3 0 5 4 7 6
16 8 8 7 2 1 3 5 6 0 4
16 8 8 7 2 4 1 5 6 0 3
16 10 6 7 2 0 4 5 6 1 3
16 10 6 7 2 1 4 5 6 3 0
16 8 8 6 2 3 5 0 4 7 1
16 10 6 1 2 3 5 6 4 7 0
16 6 10 5 2 1 0 6 4 7 3
16 6 10 5 2 1 0 6 4 7 3
16 6 10 7 4 2 0 5 6 1 3
16 8 8 4 2 1 7 5 6 3 0
16 8 8 4 2 7 3 5 6 1 0
16 6 10 5 2 3 1 6 0 4 7
15 7 8 5 2 3 1 0 6 4 7
14 8 6 0 2 3 1 5 6 4 7
14 10 4 1 2 3 0 5 6 4 7
14 13 1 1 2 3 4 5 6 0 7
