0 0 0 5 2 0 7 6 4 1 3
13 1 12 5 2 1 7 6 4 0 3
12 2 10 5 2 1 7 6 4 3 0
13 1 12 5 2 7 0 6 4 1 3
12 2 10 5 2 7 3 6 4 1 0
13 3 10 5 2 1 0 6 4 3 7
14 2 12 5 2 1 7 6 0 4 3
15 3 12 5 2 7 3 6 4 0 1
15 3 12 5 2 1 7 0 6 4 3
15 5 10 5 2 1 7 3 6 4 0
16 4 12 5 2 1 7 0 4 3 6
16 4 12 5 2 7 1 6 4 0 3
15 5 10 5 2 7 1 6 4 3 0
16 4 12 5 2 0 1 6 4 3 7
15 5 10 5 2 3 1 6 4 0 7
14 6 8 5 2 3 1 6 4 7 0
16 6 10 5 2 1 3 6 4 0 7
15 7 8 5 2 1 3 6 4 7 0
16 4 12 5 2 0 3 6 4 7 1
15 5 10 5 2 3 0 6 4 7 1
15 5 10 5 2 3 0 6 4 7 1
16 4 12 5 2 7 3 6 0 4 1
16 4 12 0 2 1 7 5 6 4 3
15 7 8 3 2 1 7 5 6 4 0
16 6 10 5 2 1 0 7 6 4 3
15 7 8 5 2 1 3 7 6 4 0
16 6 10 5 2 1 0 3 6 4 7
16 6 10 5 2 1 7 3 6 0 4
16 6 10 5 2 3 1 6 0 4 7
16 6 10 7 2 1 0 5 6 4 3
15 7 8 7 2 1 3 5 6 4 0
16 8 8 3 2 1 0 5 6 4 7
16 8 8 3 2 1 7 5 6 0 4
16 8 8 5 2 1 3 7 6 0 4
16 8 8 7 2 1 3 5 6 0 4
17 1 16 5 0 2 7 6 4 1 3
16 2 14 5 4 2 7 6 0 1 3
15 3 12 5 4 2 7 6 1 0 3
14 4 10 5 4 2 7 6 1 3 0
15 5 10 5 4 2 0 6 1 3 7
17 5 12 5 2 0 3 6 4 1 7
16 6 10 5 2 3 0 6 4 1 7
17 3 14 5 0 1 7 6 2 4 3
16 4 12 5 1 0 7 6 2 4 3
15 5 10 5 1 4 7 6 2 0 3
14 6 8 5 1 4 7 6 2 3 0
15 5 10 5 1 7 0 6 2 4 3
14 6 8 5 1 7 3 6 2 4 0
15 7 8 5 1 4 0 6 2 3 7
15 7 8 5 1 7 3 6 2 0 4
16 8 8 5 1 7 4 6 2 0 3
15 9 6 5 1 7 4 6 2 3 0
16 8 8 5 1 0 4 6 2 3 7
15 9 6 5 1 3 4 6 2 0 7
14 10 4 5 1 3 4 6 2 7 0
16 8 8 5 1 0 3 6 2 7 4
15 9 6 5 1 3 0 6 2 7 4
15 9 6 5 1 3 0 6 2 7 4
17 5 12 5 2 1 7 4 0 3 6
16 6 10 5 2 1 7 4 3 0 6
15 7 8 5 2 1 7 4 3 6 0
17 7 10 5 0 1 7 2 4 3 6
16 8 8 5 1 0 7 2 4 3 6
15 9 6 5 1 3 7 2 4 0 6
14 10 4 5 1 3 7 2 4 6 0
17 5 12 5 2 0 1 6 4 7 3
16 6 10 5 2 1 0 6 4 7 3
16 6 10 5 2 1 0 6 4 7 3
17 5 12 5 2 7 1 6 0 4 3
17 7 10 5 2 1 3 6 0 4 7
17 5 12 5 2 7 3 0 6 4 1
13 7 6 5 2 7 3 1 6 4 0
14 8 6 5 2 7 3 1 6 0 4
15 9 6 5 2 0 3 1 6 7 4
14 10 4 5 2 3 0 1 6 7 4
13 11 2 5 2 3 4 1 6 7 0
16 8 8 5 2 7 0 1 6 4 3
16 12 4 5 2 3 4 1 6 0 7
17 5 12 2 0 1 7 5 6 4 3
16 6 10 2 1 0 7 5 6 4 3
15 7 8 2 1 4 7 5 6 0 3
14 8 6 2 1 4 7 5 6 3 0
15 7 8 2 1 7 0 5 6 4 3
14 8 6 2 1 7 3 5 6 4 0
15 9 6 2 1 4 0 5 6 3 7
15 9 6 2 1 7 3 5 6 0 4
16 10 6 2 1 7 4 5 6 0 3
15 11 4 2 1 7 4 5 6 3 0
16 10 6 2 1 0 4 5 6 3 7
15 11 4 2 1 3 4 5 6 0 7
14 12 2 2 1 3 4 5 6 7 0
16 10 6 2 1 0 3 5 6 7 4
15 11 4 2 1 3 0 5 6 7 4
15 11 4 2 1 3 0 5 6 7 4
17 9 8 5 2 1 4 7 6 0 3
16 10 6 5 2 1 4 7 6 3 0
17 9 8 5 2 1 4 3 6 0 7
16 10 6 5 2 1 4 3 6 7 0
17 7 10 5 2 3 1 0 6 4 7
16 10 6 5 2 3 0 1 6 4 7
17 9 8 7 2 1 4 5 6 0 3
16 10 6 7 2 1 4 5 6 3 0
17 11 6 3 2 1 4 5 6 0 7
16 12 4 3 2 1 4 5 6 7 0
17 3 14 5 4 2 7 0 6 1 3
17 7 10 5 2 3 7 6 4 1 0
17 9 8 5 1 0 4 6 2 7 3
17 9 8 5 1 7 0 2 4 3 6
17 11 6 5 1 3 0 2 4 6 7
17 9 8 5 2 7 3 1 0 6 4
17 11 6 5 2 7 4 1 6 0 3
16 12 4 5 2 7 4 1 6 3 0
17 11 6 2 1 0 4 5 6 7 3
17 9 8 5 2 3 1 7 6 4 0
17 11 6 5 2 3 7 1 6 4 0
17 5 12 5 4 2 7 3 6 1 0
18 4 14 5 2 7 3 0 4 1 6
18 6 12 5 0 1 7 2 6 4 3
17 7 10 5 1 0 7 2 6 4 3
18 6 12 5 2 7 0 6 4 3 1
18 2 16 0 5 2 7 6 4 1 3
15 5 10 3 5 2 7 6 4 1 0
18 4 14 5 4 0 7 6 1 2 3
17 5 12 5 4 7 0 6 1 2 3
16 6 10 5 4 7 3 6 1 2 0
18 6 12 5 4 0 2 6 1 3 7
17 7 10 5 4 3 2 6 1 0 7
16 8 8 5 4 3 2 6 1 7 0
18 8 10 5 4 2 3 6 1 0 7
17 9 8 5 4 2 3 6 1 7 0
18 4 14 0 5 1 7 6 2 4 3
15 7 8 3 5 1 7 6 2 4 0
18 6 12 5 1 4 7 6 0 2 3
18 10 8 5 1 4 3 6 2 0 7
17 11 6 5 1 4 3 6 2 7 0
18 8 10 5 1 7 3 6 0 2 4
18 10 8 5 1 7 0 6 2 3 4
18 10 8 5 1 3 4 6 0 2 7
18 6 12 5 0 1 7 4 2 3 6
17 7 10 5 1 0 7 4 2 3 6
16 8 8 5 1 3 7 4 2 0 6
15 9 6 5 1 3 7 4 2 6 0
18 8 10 5 2 1 0 4 3 6 7
18 8 10 5 4 1 7 2 0 3 6
17 9 8 5 4 1 7 2 3 0 6
16 10 6 5 4 1 7 2 3 6 0
18 8 10 0 5 1 7 2 4 3 6
18 10 8 5 1 3 7 2 0 4 6
18 6 12 5 2 7 1 0 6 4 3
18 8 10 5 2 1 3 0 6 4 7
18 8 10 5 2 1 3 0 6 4 7
18 6 12 0 2 7 3 5 6 4 1
13 9 4 1 2 7 3 5 6 4 0
14 10 4 1 2 7 3 5 6 0 4
15 11 4 1 2 0 3 5 6 7 4
14 12 2 1 2 3 0 5 6 7 4
