0 0 0 5 2 0 7 6 4 1 3
0 1 12 5 2 1 7 6 4 0 3
0 1 12 5 2 7 0 6 4 1 3
0 2 12 5 2 1 7 6 0 4 3
0 3 10 5 2 1 7 0 6 4 3
0 4 8 0 2 1 7 5 6 4 3
0 6 8 7 2 1 0 5 6 4 3
0 9 6 7 2 1 4 5 6 0 3
0 10 6 7 2 0 4 5 6 1 3
0 10 6 7 2 1 4 5 6 3 0
0 13 6 7 2 0 4 5 6 3 1
0 14 4 7 2 3 4 5 6 0 1
0 15 4 7 2 3 4 5 6 1 0
0 18 4 0 2 3 4 5 6 1 7
0 13 6 0 2 1 4 5 6 3 7
0 15 6 7 2 3 4 5 0 6 1
0 16 6 7 2 3 0 5 6 1 4
0 17 6 7 2 3 4 0 6 1 5
0 19 6 5 2 3 4 0 6 1 7
0 19 6 2 0 3 4 5 6 1 7
0 20 6 4 2 3 0 5 6 1 7
0 21 6 6 2 3 4 5 0 1 7
0 18 6 0 2 3 7 5 6 1 4
0 19 6 7 2 3 1 5 6 0 4
0 18 6 0 2 3 4 7 6 1 5
0 21 6 5 2 3 4 7 6 1 0
0 21 6 4 2 3 7 5 6 1 0
0 23 6 4 2 3 1 5 6 0 7
0 24 4 4 2 3 1 5 6 7 0
0 25 4 4 2 3 0 5 6 7 1
0 27 2 0 2 3 4 5 6 7 1
