0 0 0 0 6 4 5 2 7 1 3
14 2 12 5 6 4 0 2 7 1 3
13 3 10 5 6 4 3 2 7 1 0
15 3 12 3 6 4 5 2 7 1 0
15 3 12 5 6 0 4 2 7 1 3
14 4 10 5 6 1 4 2 7 0 3
13 5 8 5 6 1 4 2 7 3 0
15 5 10 5 6 1 4 2 0 7 3
16 4 12 5 6 4 3 2 7 0 1
16 6 10 5 6 1 0 2 7 3 4
16 6 10 5 0 1 4 2 6 7 3
15 7 8 5 1 0 4 2 6 7 3
16 6 10 5 6 1 4 0 2 7 3
16 8 8 5 1 7 4 2 6 0 3
15 9 6 5 1 7 4 2 6 3 0
16 8 8 5 1 4 0 2 6 7 3
15 9 6 5 1 4 3 2 6 7 0
16 8 8 5 6 1 4 3 2 7 0
17 1 16 2 6 4 5 0 7 1 3
14 4 10 2 6 4 0 5 7 1 3
13 5 8 2 6 4 3 5 7 1 0
15 5 10 2 6 0 4 5 7 1 3
14 6 8 2 6 1 4 5 7 0 3
13 7 6 2 6 1 4 5 7 3 0
15 7 8 2 6 1 4 5 0 7 3
16 6 10 2 6 4 3 5 7 0 1
16 8 8 2 6 1 0 5 7 3 4
16 8 8 2 0 1 4 5 6 7 3
15 9 6 2 1 0 4 5 6 7 3
16 10 6 2 1 7 4 5 6 0 3
15 11 4 2 1 7 4 5 6 3 0
16 10 6 2 1 4 0 5 6 7 3
15 11 4 2 1 4 3 5 6 7 0
17 5 12 5 6 4 1 2 7 0 3
16 6 10 5 6 4 1 2 7 3 0
17 5 12 5 6 4 3 2 0 7 1
17 7 10 0 6 1 4 5 2 7 3
16 10 6 3 6 1 4 5 2 7 0
17 3 14 2 6 4 5 3 7 1 0
17 7 10 2 6 4 1 5 7 0 3
16 8 8 2 6 4 1 5 7 3 0
17 7 10 2 6 4 3 5 0 7 1
17 9 8 0 2 1 4 5 6 7 3
16 12 4 3 2 1 4 5 6 7 0
18 6 12 5 6 0 3 2 7 1 4
17 7 10 5 6 1 3 2 7 0 4
17 7 10 5 6 1 3 2 7 0 4
17 7 10 5 6 3 0 2 7 1 4
16 8 8 5 6 3 4 2 7 1 0
18 4 14 3 6 4 0 2 7 1 5
18 4 14 3 6 4 5 2 7 0 1
18 4 14 5 0 6 4 2 7 1 3
18 10 8 5 1 7 0 2 6 3 4
18 10 8 5 1 4 3 2 6 0 7
18 2 16 2 6 4 5 7 0 1 3
17 3 14 2 6 4 5 7 1 0 3
16 4 12 2 6 4 5 7 1 3 0
17 5 12 2 6 4 0 7 1 3 5
18 8 10 2 6 0 3 5 7 1 4
17 9 8 2 6 1 3 5 7 0 4
17 9 8 2 6 1 3 5 7 0 4
17 9 8 2 6 3 0 5 7 1 4
16 10 6 2 6 3 4 5 7 1 0
18 6 12 2 0 6 4 5 7 1 3
18 8 10 2 6 1 4 0 5 7 3
18 12 6 2 1 7 0 5 6 3 4
18 12 6 2 1 4 3 5 6 0 7
18 6 12 5 6 4 1 2 0 7 3
18 6 12 5 0 4 3 2 6 7 1
18 6 12 5 6 4 3 0 2 7 1
14 8 6 5 6 4 3 1 2 7 0
17 9 8 5 6 4 0 1 2 7 3
17 9 8 5 6 4 3 1 2 0 7
18 8 10 6 0 1 4 5 2 7 3
17 9 8 6 2 1 4 5 0 7 3
17 9 8 6 2 1 4 5 0 7 3
17 9 8 6 1 0 4 5 2 7 3
18 4 14 2 6 4 0 3 7 1 5
18 8 10 2 6 4 1 5 0 7 3
18 8 10 2 0 4 3 5 6 7 1
18 10 8 5 2 1 4 0 6 7 3
18 8 10 5 6 1 3 2 0 7 4
18 8 10 5 6 1 3 2 7 4 0
18 8 10 5 6 1 3 2 0 7 4
18 8 10 5 6 1 3 2 7 4 0
18 6 12 2 6 0 4 7 1 3 5
17 7 10 2 6 3 4 7 1 0 5
16 8 8 2 6 3 4 7 1 5 0
18 10 8 2 6 1 3 5 0 7 4
18 10 8 2 6 1 3 5 7 4 0
18 10 8 2 6 1 3 5 0 7 4
18 10 8 2 6 1 3 5 7 4 0
18 10 8 2 6 1 4 3 5 7 0
18 10 8 5 6 0 4 1 2 7 3
18 10 8 6 2 1 4 5 7 0 3
17 11 6 6 2 1 4 5 7 3 0
18 10 8 6 2 1 4 5 7 0 3
18 10 8 6 1 7 4 5 2 0 3
17 11 6 6 1 7 4 5 2 3 0
18 10 8 6 1 4 0 5 2 7 3
17 11 6 6 1 4 3 5 2 7 0
18 12 6 5 2 1 4 3 6 7 0
19 1 18 6 0 4 5 2 7 1 3
18 2 16 6 7 4 5 2 0 1 3
17 3 14 6 7 4 5 2 1 0 3
16 4 12 6 7 4 5 2 1 3 0
18 2 16 6 4 0 5 2 7 1 3
17 3 14 6 4 1 5 2 7 0 3
16 4 12 6 4 1 5 2 7 3 0
17 3 14 6 4 5 0 2 7 1 3
16 4 12 6 4 5 3 2 7 1 0
18 4 14 6 7 0 5 2 1 4 3
17 5 12 6 7 5 0 2 1 4 3
16 6 10 6 7 5 3 2 1 4 0
18 4 14 6 4 1 5 2 0 7 3
19 3 16 7 6 4 5 2 0 1 3
18 4 14 7 6 4 5 2 1 0 3
17 5 12 7 6 4 5 2 1 3 0
19 5 14 5 6 4 2 0 7 1 3
19 5 14 5 6 4 3 0 7 1 2
19 7 12 5 6 1 4 0 7 3 2
19 5 14 5 6 0 3 2 7 4 1
18 6 12 5 6 3 0 2 7 4 1
17 7 10 5 6 3 1 2 7 4 0
18 8 10 5 6 3 1 2 7 0 4
18 8 10 5 6 3 1 2 7 0 4
19 7 12 5 6 0 1 2 7 3 4
19 7 12 0 5 1 4 2 6 7 3
18 8 10 2 5 1 4 0 6 7 3
18 10 8 3 5 1 4 2 6 7 0
18 10 8 2 5 1 4 3 6 7 0
19 9 10 5 0 1 4 6 2 7 3
18 10 8 5 2 1 4 6 0 7 3
18 10 8 5 2 1 4 6 0 7 3
18 10 8 5 1 0 4 6 2 7 3
19 9 10 5 1 7 4 2 0 6 3
19 9 10 5 6 1 0 3 2 7 4
19 9 10 5 6 1 4 3 2 0 7
19 7 12 2 6 0 3 5 7 4 1
18 8 10 2 6 3 0 5 7 4 1
17 9 8 2 6 3 1 5 7 4 0
18 10 8 2 6 3 1 5 7 0 4
18 10 8 2 6 3 1 5 7 0 4
19 9 10 2 6 0 1 5 7 3 4
19 11 8 2 1 7 4 5 0 6 3
19 7 12 5 6 4 0 2 7 3 1
19 9 10 4 6 1 0 5 2 7 3
18 10 8 4 6 1 3 5 2 7 0
19 11 8 3 6 1 0 5 2 7 4
19 11 8 3 6 1 4 5 2 0 7
19 9 10 2 6 4 0 5 7 3 1
19 11 8 4 2 1 0 5 6 7 3
18 12 6 4 2 1 3 5 6 7 0
19 13 6 3 2 1 0 5 6 7 4
19 13 6 3 2 1 4 5 6 0 7
19 9 10 5 6 3 4 2 7 0 1
19 5 14 3 6 0 4 2 7 1 5
18 6 12 3 6 1 4 2 7 0 5
17 7 10 3 6 1 4 2 7 5 0
19 5 14 3 6 0 5 2 7 4 1
18 6 12 3 6 5 0 2 7 4 1
17 7 10 3 6 5 1 2 7 4 0
19 5 14 3 6 4 5 2 0 7 1
19 5 14 5 7 6 4 2 0 1 3
18 6 12 5 7 6 4 2 1 0 3
17 7 10 5 7 6 4 2 1 3 0
19 3 16 2 0 4 5 7 6 1 3
19 11 8 2 6 3 4 5 7 0 1
19 7 12 2 7 6 4 5 0 1 3
18 8 10 2 7 6 4 5 1 0 3
17 9 8 2 7 6 4 5 1 3 0
19 7 12 0 2 6 4 5 7 1 3
18 10 8 3 2 6 4 5 7 1 0
19 7 12 5 0 4 1 2 6 7 3
19 7 12 5 6 4 1 0 2 7 3
19 7 12 5 4 0 3 2 6 7 1
18 8 10 5 4 3 0 2 6 7 1
17 9 8 5 4 3 1 2 6 7 0
19 7 12 0 6 4 3 5 2 7 1
14 10 4 1 6 4 3 5 2 7 0
17 11 6 1 6 4 0 5 2 7 3
17 11 6 1 6 4 3 5 2 0 7
18 12 6 1 6 0 4 5 2 7 3
19 11 8 5 6 0 3 1 2 7 4
18 12 6 5 6 3 0 1 2 7 4
17 13 4 5 6 3 4 1 2 7 0
19 5 14 2 6 0 4 3 7 1 5
18 6 12 2 6 1 4 3 7 0 5
17 7 10 2 6 1 4 3 7 5 0
19 9 10 2 0 4 1 5 6 7 3
19 9 10 0 2 4 3 5 6 7 1
14 12 2 1 2 4 3 5 6 7 0
17 13 4 1 2 4 0 5 6 7 3
17 13 4 1 2 4 3 5 6 0 7
18 14 4 1 2 0 4 5 6 7 3
19 9 10 2 4 0 3 5 6 7 1
18 10 8 2 4 3 0 5 6 7 1
17 11 6 2 4 3 1 5 6 7 0
19 9 10 5 0 1 3 2 6 7 4
18 10 8 5 1 0 3 2 6 7 4
17 11 6 5 1 3 0 2 6 7 4
16 12 4 5 1 3 4 2 6 7 0
18 10 8 5 1 0 3 2 6 7 4
19 9 10 5 6 1 3 0 2 7 4
19 9 10 5 0 1 3 2 6 7 4
19 9 10 5 6 1 3 0 2 7 4
19 9 10 2 6 3 0 7 1 5 4
19 11 8 2 0 1 3 5 6 7 4
18 12 6 2 1 0 3 5 6 7 4
17 13 4 2 1 3 0 5 6 7 4
16 14 2 2 1 3 4 5 6 7 0
18 12 6 2 1 0 3 5 6 7 4
19 11 8 2 0 1 3 5 6 7 4
19 11 8 5 6 7 4 1 2 0 3
18 12 6 5 6 7 4 1 2 3 0
19 5 14 6 7 4 0 2 1 3 5
19 5 14 6 4 1 0 2 7 3 5
19 5 14 6 4 5 3 2 7 0 1
19 5 14 6 0 7 5 2 1 4 3
18 6 12 6 1 7 5 2 0 4 3
17 7 10 6 1 7 5 2 4 0 3
16 8 8 6 1 7 5 2 4 3 0
19 7 12 6 7 5 3 2 1 0 4
19 5 14 6 0 1 5 2 4 7 3
18 6 12 6 1 0 5 2 4 7 3
17 7 10 6 1 5 0 2 4 7 3
16 8 8 6 1 5 3 2 4 7 0
17 9 8 6 1 5 3 2 4 0 7
18 6 12 6 1 0 5 2 4 7 3
18 10 8 6 1 5 7 2 4 0 3
17 11 6 6 1 5 7 2 4 3 0
19 5 14 7 6 0 5 2 1 4 3
18 6 12 7 6 5 0 2 1 4 3
17 7 10 7 6 5 3 2 1 4 0
19 7 12 5 6 4 2 3 7 1 0
19 9 10 5 6 3 4 2 7 0 1
19 9 10 5 6 3 1 2 0 7 4
19 9 10 5 6 3 1 2 0 7 4
19 9 10 2 5 1 4 6 0 7 3
19 11 8 5 2 1 4 6 7 0 3
18 12 6 5 2 1 4 6 7 3 0
19 11 8 5 2 1 4 6 7 0 3
19 11 8 5 1 7 4 6 2 0 3
18 12 6 5 1 7 4 6 2 3 0
19 11 8 5 1 4 0 6 2 7 3
18 12 6 5 1 4 3 6 2 7 0
19 11 8 2 6 3 4 5 7 0 1
19 11 8 2 6 3 1 5 0 7 4
19 11 8 2 6 3 1 5 0 7 4
19 7 12 3 6 1 4 2 0 7 5
19 7 12 5 7 0 4 2 1 6 3
19 9 10 2 7 0 4 5 1 6 3
19 9 10 5 6 4 1 3 2 7 0
19 9 10 3 6 4 0 5 2 7 1
18 10 8 3 6 4 1 5 2 7 0
19 13 6 1 6 0 3 5 2 7 4
18 14 4 1 6 3 0 5 2 7 4
17 15 2 1 6 3 4 5 2 7 0
19 13 6 1 6 7 4 5 2 0 3
18 14 4 1 6 7 4 5 2 3 0
19 7 12 2 6 1 4 3 0 7 5
19 11 8 3 2 4 0 5 6 7 1
18 12 6 3 2 4 1 5 6 7 0
19 15 4 1 2 0 3 5 6 7 4
18 16 2 1 2 3 0 5 6 7 4
