0 0 0 0 6 4 5 2 7 1 3
11 1 10 6 0 4 5 2 7 1 3
12 2 10 6 7 4 5 2 0 1 3
13 3 10 7 6 4 5 2 0 1 3
13 3 10 3 6 4 5 2 7 1 0
13 3 10 6 7 4 5 2 1 0 3
14 2 12 5 6 4 0 2 7 1 3
14 4 10 7 0 4 5 2 6 1 3
14 4 10 7 6 4 5 2 1 0 3
14 4 10 3 6 4 5 2 7 0 1
14 4 10 6 7 4 5 2 1 3 0
15 1 14 2 6 4 5 0 7 1 3
15 3 12 5 6 4 3 2 7 1 0
15 3 12 5 6 0 4 2 7 1 3
15 5 10 0 7 4 5 2 6 1 3
15 5 10 7 6 4 5 2 1 3 0
15 5 10 3 6 4 5 2 0 7 1
16 2 14 6 4 0 5 2 7 1 3
16 4 12 3 6 4 0 2 7 1 5
16 2 14 2 6 4 5 7 0 1 3
15 3 12 2 0 4 5 7 6 1 3
14 4 10 0 2 4 5 7 6 1 3
15 5 10 7 2 4 5 0 6 1 3
16 4 12 2 6 4 0 5 7 1 3
15 5 10 2 6 0 4 5 7 1 3
16 4 12 5 6 4 3 2 7 0 1
16 4 12 5 6 1 4 2 7 0 3
15 5 10 5 6 1 4 2 0 7 3
14 6 8 5 0 1 4 2 6 7 3
15 7 8 0 5 1 4 2 6 7 3
15 7 8 5 1 0 4 2 6 7 3
16 4 12 5 0 6 4 2 7 1 3
16 6 10 3 0 4 5 2 6 7 1
16 4 12 2 4 0 5 7 6 1 3
16 6 10 5 2 4 0 7 6 1 3
15 7 8 5 2 0 4 7 6 1 3
16 8 8 7 2 4 0 5 6 1 3
15 9 6 7 2 0 4 5 6 1 3
16 6 10 2 6 1 4 5 7 0 3
15 7 8 2 6 1 4 5 0 7 3
14 8 6 2 0 1 4 5 6 7 3
13 9 4 0 2 1 4 5 6 7 3
15 9 6 2 1 0 4 5 6 7 3
16 6 10 2 0 6 4 5 7 1 3
15 7 8 0 2 6 4 5 7 1 3
16 6 10 5 6 1 4 0 2 7 3
15 7 8 0 6 1 4 5 2 7 3
16 8 8 2 5 1 4 0 6 7 3
16 8 8 5 2 1 4 7 6 0 3
16 10 6 7 2 1 4 5 6 0 3
16 10 6 5 2 1 4 0 6 7 3
16 12 4 3 2 1 4 5 6 7 0
16 8 8 6 0 1 4 5 2 7 3
15 9 6 6 2 1 4 5 0 7 3
15 9 6 6 2 1 4 5 0 7 3
17 3 14 6 7 4 5 0 2 1 3
17 5 12 5 6 4 1 2 7 0 3
17 5 12 7 4 0 5 2 6 1 3
17 5 12 6 7 4 0 2 1 3 5
17 7 10 0 7 4 5 2 1 3 6
17 3 14 2 6 4 5 3 7 1 0
17 3 14 6 4 1 5 2 7 0 3
16 4 12 6 4 1 5 2 0 7 3
17 3 14 6 4 5 0 2 7 1 3
17 5 12 3 6 0 4 2 7 1 5
17 3 14 2 6 4 5 7 1 0 3
17 7 10 3 2 4 5 7 6 1 0
17 7 10 7 2 4 5 3 6 1 0
17 5 12 2 6 4 3 5 7 1 0
17 5 12 5 6 4 3 2 0 7 1
16 6 10 5 0 4 3 2 6 7 1
17 5 12 5 6 1 4 2 7 3 0
17 5 12 5 7 6 4 2 0 1 3
17 5 12 0 5 6 4 2 7 1 3
17 7 10 0 3 4 5 2 6 7 1
17 7 10 3 4 0 5 2 6 7 1
17 5 12 2 4 1 5 7 6 0 3
17 5 12 2 4 5 0 7 6 1 3
17 7 10 5 2 4 3 7 6 1 0
17 9 8 7 2 4 3 5 6 1 0
17 7 10 2 6 1 4 5 7 3 0
17 11 6 4 2 1 0 5 6 7 3
17 7 10 2 7 6 4 5 0 1 3
17 9 8 5 2 1 4 7 6 3 0
17 11 6 7 2 1 4 5 6 3 0
17 9 8 6 1 0 4 5 2 7 3
17 5 12 6 0 1 5 2 4 7 3
17 5 12 6 4 1 5 0 2 7 3
17 5 12 0 4 5 6 2 7 1 3
17 7 10 0 5 4 3 2 6 7 1
17 7 10 5 4 0 3 2 6 7 1
16 8 8 5 4 3 0 2 6 7 1
17 9 8 5 4 3 1 2 6 7 0
18 4 14 7 6 4 5 0 2 1 3
18 4 14 6 7 0 5 2 1 4 3
18 4 14 2 0 4 5 6 7 1 3
17 5 12 0 2 4 5 6 7 1 3
18 6 12 0 6 4 3 2 7 1 5
18 6 12 2 7 4 5 0 6 1 3
18 8 10 3 7 4 5 2 6 1 0
18 6 12 7 6 4 0 2 1 3 5
18 8 10 0 6 4 5 2 1 3 7
18 6 12 3 6 4 5 0 2 7 1
18 6 12 0 6 4 3 2 7 1 5
18 6 12 7 2 4 5 6 0 1 3
18 6 12 0 6 4 2 5 7 1 3
18 10 8 3 5 1 4 2 6 7 0
18 8 10 5 1 7 4 2 6 0 3
18 8 10 5 1 4 0 2 6 7 3
18 8 10 5 0 2 4 7 6 1 3
18 10 8 0 2 4 7 5 6 1 3
18 10 8 7 0 2 4 5 6 1 3
18 8 10 2 6 1 4 0 5 7 3
18 10 8 2 1 7 4 5 6 0 3
18 10 8 2 1 4 0 5 6 7 3
18 8 10 5 2 6 4 0 7 1 3
18 10 8 7 2 6 4 5 0 1 3
18 10 8 3 2 6 4 5 7 1 0
18 8 10 5 6 1 4 3 2 7 0
18 10 8 3 6 1 4 5 2 7 0
18 10 8 2 5 1 4 3 6 7 0
18 12 6 5 2 1 4 3 6 7 0
18 10 8 6 2 1 4 0 5 7 3
18 10 8 6 2 1 4 5 7 0 3
18 10 8 6 2 1 4 0 5 7 3
18 10 8 6 2 1 4 5 7 0 3
18 4 14 0 7 4 5 6 2 1 3
18 6 12 6 7 4 0 5 2 1 3
17 7 10 6 7 0 4 5 2 1 3
18 6 12 5 6 4 1 2 0 7 3
17 7 10 5 0 4 1 2 6 7 3
18 6 12 5 6 4 1 2 7 3 0
18 6 12 7 4 1 5 2 6 0 3
18 6 12 7 4 5 0 2 6 1 3
18 6 12 6 7 0 4 2 1 3 5
17 7 10 6 7 3 4 2 1 0 5
18 8 10 7 0 4 5 2 1 3 6
18 4 14 2 6 4 0 3 7 1 5
17 5 12 2 6 0 4 3 7 1 5
18 4 14 2 6 4 5 3 7 0 1
17 5 12 2 6 4 5 3 0 7 1
16 6 10 2 0 4 5 3 6 7 1
15 7 8 0 2 4 5 3 6 7 1
16 8 8 3 2 4 5 0 6 7 1
16 10 6 1 2 4 5 3 6 7 0
17 7 10 2 4 0 5 3 6 7 1
17 9 8 5 2 4 0 3 6 7 1
16 10 6 5 2 0 4 3 6 7 1
16 10 6 5 2 0 4 3 6 7 1
17 11 6 3 2 4 0 5 6 7 1
16 12 4 3 2 0 4 5 6 7 1
16 12 4 3 2 0 4 5 6 7 1
17 11 6 1 2 4 0 3 6 7 5
16 12 4 1 2 0 4 3 6 7 5
18 4 14 6 4 1 5 2 7 3 0
18 4 14 6 4 5 3 2 7 1 0
18 6 12 3 6 1 4 2 7 0 5
17 7 10 3 6 1 4 2 0 7 5
16 8 8 3 0 1 4 2 6 7 5
17 9 8 0 3 1 4 2 6 7 5
17 9 8 3 1 0 4 2 6 7 5
18 6 12 3 0 6 4 2 7 1 5
18 4 14 2 6 0 5 7 1 4 3
18 4 14 2 6 4 5 7 1 3 0
18 8 10 3 2 4 0 7 6 1 5
17 9 8 3 2 0 4 7 6 1 5
18 8 10 3 2 4 5 7 6 0 1
18 8 10 7 2 4 0 3 6 1 5
17 9 8 7 2 0 4 3 6 1 5
18 8 10 7 2 4 5 3 6 0 1
18 6 12 2 6 4 3 5 7 0 1
17 7 10 2 6 4 3 5 0 7 1
16 8 8 2 0 4 3 5 6 7 1
15 9 6 0 2 4 3 5 6 7 1
15 9 6 0 2 4 3 5 6 7 1
16 12 4 1 2 4 3 5 6 7 0
16 12 4 1 2 4 3 5 6 7 0
17 9 8 2 4 0 3 5 6 7 1
16 10 6 2 4 3 0 5 6 7 1
17 13 4 1 2 4 0 5 6 7 3
16 14 2 1 2 0 4 5 6 7 3
17 13 4 1 2 4 0 5 6 7 3
17 11 6 2 4 3 1 5 6 7 0
18 6 12 5 6 4 3 0 2 7 1
17 7 10 0 6 4 3 5 2 7 1
18 6 12 5 7 6 4 0 2 1 3
17 7 10 0 7 6 4 5 2 1 3
18 6 12 5 7 6 4 2 1 0 3
18 6 12 2 5 6 4 0 7 1 3
18 8 10 2 3 4 5 0 6 7 1
18 10 8 1 3 4 5 2 6 7 0
18 8 10 3 4 5 0 2 6 7 1
18 6 12 2 4 1 5 7 6 3 0
18 6 12 2 4 5 3 7 6 1 0
18 8 10 5 2 4 3 7 6 0 1
18 10 8 7 2 4 3 5 6 0 1
18 12 6 4 2 1 3 5 6 7 0
18 12 6 4 2 0 1 5 6 7 3
18 8 10 2 7 6 4 5 1 0 3
18 6 12 0 6 1 5 2 4 7 3
18 6 12 6 1 0 5 2 4 7 3
18 6 12 0 4 1 5 6 2 7 3
18 8 10 6 4 1 0 5 2 7 3
18 6 12 2 4 5 6 0 7 1 3
18 6 12 4 0 5 6 2 7 1 3
18 8 10 2 5 4 3 0 6 7 1
18 10 8 1 5 4 3 2 6 7 0
18 10 8 0 4 3 5 2 6 7 1
18 6 12 6 2 4 5 0 7 1 3
18 8 10 6 7 1 4 5 2 0 3
18 8 10 6 0 7 4 5 2 1 3
17 9 8 6 2 7 4 5 0 1 3
18 8 10 5 4 0 1 2 6 7 3
18 8 10 0 5 4 1 2 6 7 3
18 8 10 5 4 0 1 2 6 7 3
18 8 10 6 7 3 4 2 0 1 5
18 8 10 6 7 3 4 2 1 5 0
18 6 12 2 6 1 4 3 7 0 5
17 7 10 2 6 1 4 3 0 7 5
16 8 8 2 0 1 4 3 6 7 5
15 9 6 0 2 1 4 3 6 7 5
15 9 6 0 2 1 4 3 6 7 5
16 10 6 3 2 1 4 0 6 7 5
16 10 6 3 2 1 4 0 6 7 5
16 10 6 3 2 1 4 0 6 7 5
17 9 8 2 1 0 4 3 6 7 5
18 6 12 2 0 6 4 3 7 1 5
17 7 10 0 2 6 4 3 7 1 5
18 6 12 2 6 4 5 0 3 7 1
17 7 10 0 6 4 5 2 3 7 1
18 10 8 3 2 4 5 1 6 7 0
18 12 6 1 2 4 5 0 6 7 3
18 8 10 2 4 5 0 3 6 7 1
18 10 8 5 2 4 1 3 6 7 0
18 12 6 3 2 4 1 5 6 7 0
18 8 10 3 6 1 4 0 2 7 5
18 8 10 3 6 1 4 0 2 7 5
18 10 8 2 3 1 4 0 6 7 5
18 10 8 3 2 1 4 7 6 0 5
18 10 8 7 2 1 4 3 6 0 5
18 10 8 5 2 4 3 0 6 7 1
18 10 8 5 2 4 3 0 6 7 1
18 10 8 5 2 4 3 0 6 7 1
18 12 6 0 4 3 2 5 6 7 1
18 8 10 6 0 4 3 5 2 7 1
17 9 8 6 2 4 3 5 0 7 1
17 9 8 6 2 4 3 5 0 7 1
18 10 8 1 6 4 3 5 2 7 0
18 8 10 7 0 6 4 5 2 1 3
17 9 8 7 2 6 4 5 0 1 3
18 8 10 7 0 6 4 5 2 1 3
18 10 8 6 2 7 4 5 1 0 3
17 11 6 6 2 0 4 5 1 7 3
18 10 8 1 5 4 0 2 6 7 3
17 11 6 1 5 0 4 2 6 7 3
18 10 8 1 5 4 0 2 6 7 3
18 8 10 2 6 1 4 0 3 7 5
18 8 10 3 2 6 4 0 7 1 5
18 8 10 3 2 6 4 0 7 1 5
18 8 10 6 0 4 5 2 3 7 1
18 12 6 2 3 1 4 5 6 7 0
18 10 8 7 2 6 4 5 1 0 3
18 10 8 7 2 6 4 5 1 0 3
18 12 6 1 0 5 4 2 6 7 3
18 10 8 2 6 1 4 5 3 7 0
19 5 14 3 6 4 5 0 7 1 2
19 5 14 5 6 4 2 0 7 1 3
19 5 14 7 6 0 5 2 1 4 3
19 5 14 3 6 0 5 2 7 4 1
19 5 14 5 6 4 3 0 7 1 2
18 6 12 0 6 4 3 5 7 1 2
18 6 12 0 6 4 3 5 7 1 2
19 7 12 5 7 4 0 2 6 1 3
18 8 10 5 7 0 4 2 6 1 3
19 7 12 3 6 4 1 2 7 0 5
19 7 12 6 2 4 5 7 0 1 3
19 7 12 2 6 4 1 5 7 0 3
18 8 10 2 6 4 1 5 0 7 3
17 9 8 2 0 4 1 5 6 7 3
16 10 6 0 2 4 1 5 6 7 3
16 10 6 0 2 4 1 5 6 7 3
16 12 4 1 2 4 0 5 6 7 3
15 13 2 1 2 0 4 5 6 7 3
16 12 4 1 2 4 0 5 6 7 3
18 10 8 2 4 0 1 5 6 7 3
18 10 8 2 4 0 1 5 6 7 3
18 14 4 1 2 7 4 5 6 0 3
18 14 4 1 0 2 4 5 6 7 3
18 14 4 1 2 7 4 5 6 0 3
18 14 4 1 0 2 4 5 6 7 3
19 5 14 5 6 0 3 2 7 4 1
18 6 12 5 6 3 0 2 7 4 1
19 9 10 4 5 1 0 2 6 7 3
19 9 10 5 2 4 1 7 6 0 3
19 9 10 5 2 4 7 0 6 1 3
19 11 8 7 2 4 1 5 6 0 3
19 9 10 4 2 6 0 5 7 1 3
19 9 10 5 0 1 4 6 2 7 3
18 10 8 5 2 1 4 6 0 7 3
18 10 8 5 2 1 4 6 0 7 3
19 9 10 4 6 1 0 5 2 7 3
19 9 10 2 5 1 4 6 0 7 3
19 9 10 5 2 1 4 7 0 6 3
19 11 8 7 2 1 4 5 0 6 3
19 13 6 3 2 1 0 5 6 7 4
19 13 6 3 2 1 4 5 6 0 7
19 5 14 6 7 4 5 3 2 1 0
19 7 12 0 7 4 6 2 1 3 5
19 9 10 5 7 4 0 2 1 3 6
19 9 10 3 2 4 5 0 6 1 7
19 7 12 5 6 1 4 0 7 3 2
18 8 10 0 6 1 4 5 7 3 2
18 8 10 0 6 1 4 5 7 3 2
19 9 10 5 3 4 0 2 6 7 1
18 10 8 5 3 0 4 2 6 7 1
17 11 6 5 0 3 4 2 6 7 1
18 12 6 0 5 3 4 2 6 7 1
19 7 12 0 4 5 2 7 6 1 3
19 9 10 5 2 4 3 0 6 1 7
18 10 8 0 2 4 3 5 6 1 7
18 10 8 0 2 4 3 5 6 1 7
19 11 8 5 2 1 4 0 6 3 7
18 12 6 0 2 1 4 5 6 3 7
18 12 6 0 2 1 4 5 6 3 7
19 7 12 6 4 1 5 3 2 7 0
19 9 10 3 5 4 0 2 6 7 1
18 10 8 3 5 0 4 2 6 7 1
18 10 8 3 5 0 4 2 6 7 1
19 11 8 5 4 3 2 0 6 7 1
19 11 8 5 4 3 1 0 6 7 2
18 12 6 0 4 3 1 5 6 7 2
18 12 6 0 4 3 1 5 6 7 2
18 14 4 1 4 3 0 5 6 7 2
18 14 4 1 4 3 0 5 6 7 2
19 5 14 0 6 4 5 7 2 1 3
19 7 12 7 6 4 0 5 2 1 3
18 8 10 7 6 0 4 5 2 1 3
18 8 10 7 6 0 4 5 2 1 3
19 5 14 6 0 7 5 2 1 4 3
19 5 14 6 7 5 0 2 1 4 3
19 5 14 2 7 4 5 6 0 1 3
19 5 14 2 4 0 5 6 7 1 3
19 7 12 5 2 4 0 6 7 1 3
18 8 10 5 2 0 4 6 7 1 3
19 7 12 6 0 4 3 2 7 1 5
19 9 10 2 7 4 0 5 6 1 3
18 10 8 2 7 0 4 5 6 1 3
19 9 10 3 7 4 5 2 6 0 1
19 7 12 7 6 0 4 2 1 3 5
18 8 10 7 6 3 4 2 1 0 5
19 9 10 6 0 4 5 2 1 3 7
19 7 12 0 6 4 5 3 2 7 1
19 9 10 3 6 4 0 5 2 7 1
18 10 8 3 6 0 4 5 2 7 1
18 10 8 3 6 0 4 5 2 7 1
19 7 12 6 0 4 3 2 7 1 5
19 7 12 7 2 4 5 6 1 0 3
19 7 12 6 0 4 2 5 7 1 3
19 9 10 5 1 7 4 2 6 3 0
19 9 10 5 1 4 3 2 6 7 0
19 9 10 0 5 2 4 7 6 1 3
19 11 8 0 7 2 4 5 6 1 3
19 9 10 0 6 1 4 2 5 7 3
19 11 8 2 1 7 4 5 6 3 0
19 11 8 2 1 4 3 5 6 7 0
19 9 10 5 2 6 4 7 0 1 3
19 11 8 3 2 6 4 5 7 0 1
18 12 6 3 2 6 4 5 0 7 1
19 11 8 0 2 1 4 6 5 7 3
19 11 8 6 2 0 4 5 7 1 3
19 11 8 6 2 1 4 5 7 3 0
19 11 8 0 2 1 4 6 5 7 3
19 11 8 6 2 0 4 5 7 1 3
19 11 8 6 2 1 4 5 7 3 0
19 5 14 7 0 4 5 6 2 1 3
19 5 14 7 0 4 5 6 2 1 3
19 7 12 6 7 4 3 5 2 1 0
19 7 12 5 6 4 1 0 2 7 3
18 8 10 0 6 4 1 5 2 7 3
18 10 8 1 6 4 0 5 2 7 3
17 11 6 1 6 0 4 5 2 7 3
18 10 8 1 6 4 0 5 2 7 3
18 12 6 1 0 6 4 5 2 7 3
17 13 4 1 2 6 4 5 0 7 3
19 7 12 5 6 4 0 2 7 3 1
19 7 12 7 4 1 5 2 6 3 0
19 7 12 7 4 5 3 2 6 1 0
19 7 12 6 0 7 4 2 1 3 5
19 9 10 7 1 4 5 2 0 3 6
19 5 14 2 6 0 5 3 7 4 1
19 9 10 3 2 4 5 6 0 7 1
19 11 8 1 2 4 5 3 6 0 7
19 13 6 1 2 0 5 3 6 7 4
19 11 8 5 2 7 4 3 6 0 1
19 11 8 5 0 2 4 3 6 7 1
19 11 8 5 2 7 4 3 6 0 1
19 11 8 5 0 2 4 3 6 7 1
19 13 6 3 2 7 4 5 6 0 1
19 13 6 3 0 2 4 5 6 7 1
19 13 6 3 2 7 4 5 6 0 1
19 13 6 3 0 2 4 5 6 7 1
19 13 6 1 2 7 4 3 6 0 5
19 13 6 1 0 2 4 3 6 7 5
19 5 14 6 4 1 0 2 7 3 5
19 5 14 6 4 5 3 2 7 0 1
18 6 12 6 4 0 3 2 7 5 1
18 6 12 6 4 5 3 2 0 7 1
19 7 12 3 6 1 4 2 7 5 0
19 7 12 3 7 6 4 2 0 1 5
19 7 12 0 3 6 4 2 7 1 5
19 5 14 2 0 6 5 7 1 4 3
18 6 12 0 2 6 5 7 1 4 3
19 5 14 2 6 5 0 7 1 4 3
19 5 14 2 6 4 0 7 1 3 5
18 6 12 2 6 0 4 7 1 3 5
17 7 10 2 6 3 4 7 1 0 5
18 8 10 2 6 3 4 7 0 1 5
17 9 8 2 0 3 4 7 6 1 5
16 10 6 0 2 3 4 7 6 1 5
17 11 6 7 2 3 4 0 6 1 5
17 13 4 7 2 3 4 5 6 1 0
18 8 10 2 6 3 4 7 1 5 0
18 14 4 7 2 3 4 5 6 0 1
19 9 10 3 2 0 5 7 6 4 1
19 9 10 7 2 0 5 3 6 4 1
19 7 12 2 6 0 3 5 7 4 1
18 8 10 2 6 3 0 5 7 4 1
19 13 6 1 2 4 3 5 6 0 7
19 15 4 1 2 0 3 5 6 7 4
18 16 2 1 2 3 0 5 6 7 4
