0 0 0 0 6 4 5 2 7 1 3
0 1 10 6 0 4 5 2 7 1 3
0 3 10 7 6 4 5 2 0 1 3
0 3 10 3 6 4 5 2 7 1 0
0 2 10 6 7 4 5 2 0 1 3
0 4 10 7 0 4 5 2 6 1 3
0 4 10 7 6 4 5 2 1 0 3
0 4 10 3 6 4 5 2 7 0 1
0 3 10 6 7 4 5 2 1 0 3
0 5 10 0 7 4 5 2 6 1 3
0 5 10 7 6 4 5 2 1 3 0
0 5 10 3 6 4 5 2 0 7 1
0 4 10 6 7 4 5 2 1 3 0
0 8 10 3 7 4 5 2 6 1 0
0 8 10 0 6 4 5 2 1 3 7
0 6 10 3 0 4 5 2 6 7 1
0 7 10 0 7 4 5 2 1 3 6
0 9 10 3 7 4 5 2 6 0 1
0 9 10 6 0 4 5 2 1 3 7
0 11 10 1 6 4 5 2 0 3 7
0 7 10 0 3 4 5 2 6 7 1
0 10 8 1 3 4 5 2 6 7 0
0 11 8 1 3 4 0 2 6 7 5
0 12 6 1 3 0 4 2 6 7 5
0 13 4 1 0 3 4 2 6 7 5
0 14 6 1 6 3 4 2 0 7 5
0 14 6 0 1 3 4 2 6 7 5
0 15 6 1 6 3 4 0 2 7 5
0 17 4 1 6 3 4 5 2 7 0
0 15 6 2 1 3 4 0 6 7 5
0 17 4 2 1 3 4 5 6 7 0
0 20 4 0 1 3 4 5 6 7 2
0 21 2 1 0 3 4 5 6 7 2
0 22 4 1 6 3 4 5 0 7 2
0 22 4 1 3 0 4 5 6 7 2
0 17 6 5 1 3 4 2 6 7 0
0 18 6 1 0 3 4 6 2 7 5
0 19 4 1 2 3 4 6 0 7 5
0 20 2 1 2 3 4 0 6 7 5
