0 0 0 2 1 4 6 0 7 5 3
13 3 10 2 1 4 0 6 7 5 3
12 4 8 2 1 4 3 6 7 5 0
14 2 12 2 1 4 6 3 7 5 0
14 4 10 2 1 0 4 6 7 5 3
15 1 14 2 1 4 6 7 0 5 3
14 2 12 2 1 4 6 7 5 0 3
13 3 10 2 1 4 6 7 5 3 0
14 4 10 2 1 4 0 7 5 3 6
15 5 10 2 1 4 3 6 7 0 5
15 3 12 2 1 4 0 3 7 5 6
15 5 10 2 1 5 4 6 7 0 3
14 6 8 2 1 5 4 6 7 3 0
15 5 10 2 1 0 4 7 5 3 6
14 6 8 2 1 3 4 7 5 0 6
13 7 6 2 1 3 4 7 5 6 0
16 6 10 2 1 4 3 6 0 7 5
16 4 12 2 1 0 4 3 7 5 6
16 6 10 2 1 5 4 6 0 7 3
16 8 8 2 1 3 0 7 5 6 4
17 1 16 0 1 4 6 2 7 5 3
14 4 10 3 1 4 6 2 7 5 0
15 3 12 6 1 4 0 2 7 5 3
14 4 10 6 1 4 3 2 7 5 0
15 5 10 3 1 4 0 2 7 5 6
16 2 14 1 0 4 6 2 7 5 3
15 3 12 1 7 4 6 2 0 5 3
15 3 12 1 4 0 6 2 7 5 3
14 4 10 1 4 5 6 2 7 0 3
13 5 8 1 4 5 6 2 7 3 0
14 4 10 1 4 6 0 2 7 5 3
13 5 8 1 4 6 3 2 7 5 0
14 6 8 1 4 5 0 2 7 3 6
15 5 10 1 4 5 6 2 0 7 3
16 4 12 6 1 0 4 2 7 5 3
16 4 12 1 7 4 6 2 5 0 3
15 5 10 1 7 4 6 2 5 3 0
16 6 10 1 4 6 3 2 7 0 5
16 6 10 1 0 5 6 2 4 7 3
16 6 10 1 7 4 0 2 5 3 6
17 3 14 2 0 4 6 1 7 5 3
17 7 10 2 1 0 3 6 7 5 4
16 8 8 2 1 3 0 6 7 5 4
15 9 6 2 1 3 4 6 7 5 0
17 3 14 2 1 4 6 3 7 0 5
17 5 12 2 0 1 4 6 7 5 3
17 3 14 2 1 0 6 7 5 4 3
16 4 12 2 1 6 0 7 5 4 3
15 5 10 2 1 6 3 7 5 4 0
16 6 10 2 1 6 3 7 5 0 4
17 5 12 2 1 4 6 0 5 3 7
16 6 10 2 1 4 6 5 0 3 7
16 8 8 2 1 4 0 6 5 3 7
17 7 10 2 1 4 3 7 5 0 6
16 8 8 2 1 4 3 7 5 6 0
17 7 10 2 1 5 0 6 7 3 4
17 7 10 2 1 3 4 7 0 5 6
17 9 8 2 1 3 4 0 5 6 7
16 10 6 2 1 3 4 5 0 6 7
15 11 4 2 1 3 4 5 6 0 7
14 12 2 2 1 3 4 5 6 7 0
17 7 10 2 1 4 3 0 6 7 5
13 9 4 2 1 4 3 5 6 7 0
16 10 6 2 1 4 0 5 6 7 3
16 10 6 2 1 4 3 5 6 0 7
17 5 12 2 1 5 4 3 7 0 6
16 6 10 2 1 5 4 3 7 6 0
17 7 10 2 1 5 4 0 6 7 3
17 5 12 3 1 4 6 2 7 0 5
17 5 12 6 1 4 3 2 7 0 5
17 7 10 1 4 6 5 2 7 0 3
16 8 8 1 4 6 5 2 7 3 0
17 7 10 1 4 0 5 2 7 3 6
16 8 8 1 4 3 5 2 7 0 6
15 9 6 1 4 3 5 2 7 6 0
17 9 8 1 4 5 3 2 7 0 6
16 10 6 1 4 5 3 2 7 6 0
17 5 12 6 1 5 4 2 7 0 3
16 6 10 6 1 5 4 2 7 3 0
17 5 12 1 7 0 6 2 5 4 3
16 6 10 1 7 6 0 2 5 4 3
15 7 8 1 7 6 3 2 5 4 0
17 7 10 1 4 0 3 2 7 6 5
16 8 8 1 4 3 0 2 7 6 5
16 8 8 1 4 3 0 2 7 6 5
17 7 10 1 4 6 3 2 0 7 5
17 7 10 1 5 0 6 2 4 7 3
16 8 8 1 5 7 6 2 4 0 3
15 9 6 1 5 7 6 2 4 3 0
16 8 8 1 5 6 0 2 4 7 3
15 9 6 1 5 6 3 2 4 7 0
16 10 6 1 5 7 0 2 4 3 6
16 10 6 1 5 6 3 2 4 0 7
17 7 10 1 7 0 4 2 5 3 6
16 8 8 1 7 3 4 2 5 0 6
15 9 6 1 7 3 4 2 5 6 0
17 7 10 2 1 6 4 7 5 0 3
16 8 8 2 1 6 4 7 5 3 0
17 7 10 2 1 0 3 7 5 6 4
17 7 10 2 1 0 3 7 5 6 4
17 7 10 2 1 4 6 5 3 0 7
16 8 8 2 1 4 6 5 3 7 0
17 9 8 2 1 4 7 6 5 3 0
17 9 8 2 1 0 4 6 5 3 7
16 10 6 2 1 3 4 6 5 0 7
15 11 4 2 1 3 4 6 5 7 0
17 13 4 2 1 3 0 5 6 7 4
17 11 6 2 1 0 4 5 6 7 3
17 11 6 2 1 0 4 5 6 7 3
17 7 10 2 1 5 0 3 7 6 4
17 9 8 2 1 5 4 3 6 7 0
17 9 8 1 4 3 5 2 0 7 6
17 11 6 1 5 6 7 2 4 0 3
16 12 4 1 5 6 7 2 4 3 0
17 11 6 1 5 0 7 2 4 3 6
16 12 4 1 5 3 7 2 4 0 6
15 13 2 1 5 3 7 2 4 6 0
17 11 6 1 5 0 3 2 4 6 7
16 12 4 1 5 3 0 2 4 6 7
16 12 4 1 5 3 0 2 4 6 7
17 9 8 2 1 4 0 5 3 7 6
18 6 12 2 1 4 5 6 7 0 3
17 7 10 2 1 4 5 6 7 3 0
18 6 12 2 1 4 3 0 7 5 6
18 2 16 2 0 4 6 7 1 5 3
18 6 12 2 1 0 6 7 5 3 4
17 7 10 2 1 6 0 7 5 3 4
17 7 10 2 1 3 6 7 5 0 4
17 7 10 2 1 3 6 7 5 0 4
17 7 10 2 1 6 0 7 5 3 4
18 6 12 2 1 0 3 6 7 4 5
17 7 10 2 1 3 0 6 7 4 5
18 6 12 2 1 4 5 3 7 0 6
17 7 10 2 1 4 5 3 7 6 0
18 6 12 2 1 4 3 0 7 5 6
18 6 12 2 0 1 4 7 5 3 6
18 4 14 7 1 4 6 2 0 5 3
18 6 12 3 1 0 4 2 7 5 6
17 7 10 3 1 5 4 2 7 0 6
16 8 8 3 1 5 4 2 7 6 0
17 9 8 3 1 5 0 2 7 6 4
18 8 10 3 1 4 5 2 7 0 6
17 9 8 3 1 4 5 2 7 6 0
18 4 14 1 7 4 6 0 2 5 3
16 6 10 1 7 4 6 3 2 5 0
17 7 10 1 7 4 0 6 2 5 3
16 8 8 1 7 4 3 6 2 5 0
17 7 10 1 7 4 0 3 2 5 6
18 8 10 1 4 0 3 2 7 5 6
17 9 8 1 4 3 0 2 7 5 6
18 6 12 1 4 5 6 0 2 7 3
16 8 8 1 4 5 6 3 2 7 0
17 9 8 1 4 5 0 3 2 7 6
17 9 8 1 4 5 6 3 2 0 7
18 4 14 2 7 4 6 1 0 5 3
17 5 12 2 7 4 6 1 5 0 3
16 6 10 2 7 4 6 1 5 3 0
17 7 10 2 7 4 0 1 5 3 6
18 4 14 0 2 4 6 1 7 5 3
16 6 10 6 2 4 0 1 7 5 3
15 7 8 6 2 4 3 1 7 5 0
17 5 12 1 2 4 6 0 7 5 3
16 8 8 1 2 4 0 6 7 5 3
15 9 6 1 2 4 3 6 7 5 0
17 7 10 3 2 4 6 1 7 5 0
17 7 10 6 2 0 4 1 7 5 3
17 7 10 1 2 4 6 3 7 5 0
17 9 8 1 2 0 4 6 7 5 3
18 4 14 2 4 0 6 1 7 5 3
17 5 12 2 4 5 6 1 7 0 3
16 6 10 2 4 5 6 1 7 3 0
17 5 12 2 4 6 0 1 7 5 3
16 6 10 2 4 6 3 1 7 5 0
17 7 10 2 4 5 0 1 7 3 6
18 8 10 2 1 5 3 6 7 0 4
18 10 8 2 1 3 4 6 7 0 5
18 4 14 2 1 0 6 3 7 4 5
17 5 12 2 1 6 0 3 7 4 5
16 6 10 2 1 6 5 3 7 4 0
18 4 14 2 1 4 6 3 0 7 5
18 6 12 2 7 1 4 6 0 5 3
17 7 10 2 7 1 4 6 5 0 3
16 8 8 2 7 1 4 6 5 3 0
18 6 12 0 2 1 4 6 7 5 3
17 9 8 3 2 1 4 6 7 5 0
18 8 10 2 1 3 4 0 7 5 6
18 8 10 2 1 3 4 0 7 5 6
18 12 6 2 1 0 4 5 6 3 7
18 12 6 2 1 0 3 5 6 7 4
18 6 12 2 1 5 4 3 0 7 6
18 6 12 3 1 0 6 2 7 4 5
17 7 10 3 1 6 0 2 7 4 5
16 8 8 3 1 6 5 2 7 4 0
18 6 12 3 1 4 6 2 0 7 5
18 6 12 6 1 4 3 2 0 7 5
18 8 10 1 4 0 5 2 7 6 3
17 9 8 1 4 5 0 2 7 6 3
17 9 8 1 4 5 0 2 7 6 3
18 8 10 1 4 6 5 2 0 7 3
18 10 8 1 4 5 3 2 0 7 6
18 6 12 6 1 5 4 2 0 7 3
18 6 12 1 0 7 6 2 5 4 3
17 7 10 1 5 7 6 2 0 4 3
17 7 10 1 5 7 6 2 0 4 3
18 8 10 1 7 6 3 2 5 0 4
18 8 10 1 0 6 3 2 4 7 5
18 8 10 1 0 7 4 2 5 3 6
18 10 8 1 7 3 0 2 5 6 4
18 8 10 2 1 0 4 7 5 6 3
18 8 10 2 1 0 4 7 5 6 3
18 12 6 2 1 3 0 6 5 7 4
18 12 6 2 1 7 4 5 6 0 3
17 13 4 2 1 7 4 5 6 3 0
18 12 6 2 1 7 4 5 6 0 3
18 10 8 1 0 3 5 2 4 7 6
17 11 6 1 3 0 5 2 4 7 6
16 12 4 1 3 7 5 2 4 0 6
15 13 2 1 3 7 5 2 4 6 0
16 12 4 1 3 5 0 2 4 7 6
17 13 4 1 3 5 6 2 4 7 0
17 15 2 1 3 5 7 2 4 0 6
