0 0 0 2 1 4 6 0 7 5 3
0 3 10 2 1 4 0 6 7 5 3
0 4 8 2 1 4 3 6 7 5 0
0 4 10 2 1 0 4 6 7 5 3
0 5 10 2 1 4 3 6 7 0 5
0 7 10 2 1 0 3 6 7 5 4
0 8 8 2 1 3 0 6 7 5 4
0 9 6 2 1 3 4 6 7 5 0
0 10 8 2 1 3 4 6 7 0 5
0 11 8 2 1 3 4 6 0 7 5
0 12 8 2 1 3 4 0 6 7 5
0 14 2 2 1 3 4 5 6 7 0
0 15 4 2 1 3 0 5 6 7 4
0 15 4 2 1 3 4 5 6 0 7
0 17 6 2 1 0 4 5 6 7 3
0 16 6 2 1 0 3 5 6 7 4
0 18 6 2 1 3 7 5 6 0 4
0 16 6 2 1 0 4 5 6 3 7
0 16 6 2 1 3 4 5 0 6 7
0 18 6 2 1 7 4 5 6 0 3
0 19 4 2 1 7 4 5 6 3 0
0 18 6 2 1 4 0 5 6 7 3
0 19 4 2 1 4 3 5 6 7 0
0 17 6 2 1 7 3 5 6 0 4
0 19 6 2 1 3 7 5 6 4 0
0 17 6 2 1 4 0 5 6 3 7
0 20 6 2 1 7 0 5 6 3 4
0 20 6 2 1 4 3 5 6 0 7
0 18 6 2 1 7 3 5 6 4 0
0 20 6 2 1 3 0 5 6 4 7
0 18 6 2 1 4 7 5 6 3 0
0 20 6 2 1 4 3 5 6 0 7
0 15 8 2 0 3 4 1 6 7 5
0 17 8 0 1 3 4 5 6 7 2
0 18 6 1 0 3 4 5 6 7 2
0 19 6 1 6 3 4 5 0 7 2
0 19 6 1 3 0 4 5 6 7 2
0 20 6 1 6 3 4 5 7 0 2
0 21 4 1 6 3 4 5 7 2 0
0 20 6 1 3 7 4 5 6 0 2
0 21 4 1 3 7 4 5 6 2 0
0 20 6 1 3 4 0 5 6 7 2
0 21 4 1 3 4 2 5 6 7 0
0 22 6 1 6 3 0 5 7 2 4
0 22 6 1 3 7 0 5 6 2 4
0 24 6 1 3 0 4 5 6 2 7
0 25 4 1 3 2 4 5 6 0 7
0 26 2 1 3 2 4 5 6 7 0
0 27 4 1 3 2 0 5 6 7 4
0 22 6 1 3 4 2 5 6 0 7
0 24 6 1 3 0 2 5 6 7 4
0 25 6 1 6 3 2 5 7 0 4
0 25 6 1 3 7 2 5 6 0 4
0 25 6 1 0 3 4 5 6 2 7
0 25 6 1 3 4 0 5 6 2 7
0 26 6 1 3 2 4 5 0 6 7
0 28 6 1 3 0 2 5 6 7 4
0 30 6 1 3 2 7 5 6 0 4
0 25 6 1 3 7 2 5 6 0 4
0 25 6 1 0 3 2 5 6 7 4
0 26 6 1 6 3 2 5 0 7 4
0 26 6 1 6 3 2 5 7 4 0
0 26 6 1 3 7 2 5 6 4 0
0 26 6 1 6 3 4 5 0 2 7
0 27 4 1 6 3 4 5 2 0 7
0 28 2 1 6 3 4 5 2 7 0
0 29 4 1 6 3 0 5 2 7 4
0 26 6 1 3 4 7 5 6 2 0
0 29 6 1 0 3 2 5 6 7 4
0 31 6 1 3 2 7 5 6 4 0
0 26 6 1 3 7 2 5 6 4 0
0 26 6 1 6 3 2 5 0 7 4
0 28 6 1 6 0 4 5 2 3 7
0 31 6 1 6 0 4 5 2 7 3
0 30 6 1 6 0 3 5 2 7 4
0 32 6 1 6 3 7 5 2 0 4
0 32 6 1 3 2 0 5 6 4 7
0 29 6 1 6 4 0 5 2 3 7
0 32 6 1 6 7 4 5 2 0 3
0 33 4 1 6 7 4 5 2 3 0
0 32 6 1 6 4 0 5 2 7 3
0 33 4 1 6 4 3 5 2 7 0
0 31 6 1 6 7 3 5 2 0 4
0 33 6 1 6 3 7 5 2 4 0
0 30 6 1 6 4 7 5 2 3 0
0 32 6 1 6 4 3 5 2 0 7
0 34 6 1 6 7 0 5 2 3 4
0 34 6 1 6 4 3 5 2 0 7
0 32 6 1 6 7 3 5 2 4 0
0 34 6 1 6 3 0 5 2 4 7
0 17 8 0 1 3 2 5 6 7 4
0 20 6 4 1 3 2 5 6 7 0
0 18 8 2 0 1 4 5 6 7 3
0 17 8 2 0 1 3 5 6 7 4
0 19 8 2 1 0 7 5 6 3 4
0 19 8 2 1 3 7 5 0 6 4
0 17 8 2 0 1 4 5 6 3 7
0 17 8 2 0 3 4 5 1 6 7
0 17 8 2 1 3 4 0 5 6 7
0 19 6 2 1 3 4 7 5 6 0
0 19 8 2 1 7 4 5 0 6 3
0 21 8 2 1 4 7 5 6 0 3
0 18 8 2 1 7 3 5 0 6 4
0 21 8 2 1 0 7 5 6 3 4
0 21 8 2 1 0 3 5 6 4 7
0 21 8 2 1 4 3 5 0 6 7
0 19 8 2 1 7 0 5 6 4 3
0 21 8 2 1 0 3 5 6 4 7
0 21 8 2 1 0 3 5 6 4 7
0 19 8 2 1 4 7 5 6 0 3
0 21 8 2 1 0 7 5 6 3 4
0 21 8 2 1 0 3 5 6 4 7
0 21 8 2 1 4 3 5 0 6 7
0 16 8 2 6 3 4 1 0 7 5
0 16 8 0 2 3 4 1 6 7 5
0 19 2 5 2 3 4 1 6 7 0
0 20 4 5 2 3 0 1 6 7 4
0 20 4 5 2 3 4 1 6 0 7
0 17 6 1 2 3 4 0 6 7 5
