0 0 0 2 1 4 6 0 7 5 3
0 1 12 0 1 4 6 2 7 5 3
0 2 12 1 0 4 6 2 7 5 3
0 3 12 6 1 4 0 2 7 5 3
0 6 10 6 1 4 5 2 7 0 3
0 7 10 6 1 4 5 2 0 7 3
0 7 10 6 1 4 5 2 7 3 0
0 8 10 6 0 4 5 2 1 7 3
0 10 10 0 1 4 5 2 7 3 6
0 9 10 0 6 4 5 2 1 7 3
0 11 10 1 0 4 5 2 7 3 6
0 12 10 5 1 4 0 2 7 3 6
0 13 10 7 1 4 5 2 0 3 6
0 12 10 1 6 4 5 2 0 7 3
0 13 8 1 0 4 5 2 6 7 3
0 14 8 1 4 0 5 2 6 7 3
0 15 8 1 4 5 0 2 6 7 3
0 16 8 1 4 5 3 2 6 7 0
0 18 8 1 4 5 2 0 6 7 3
0 18 8 1 4 5 3 0 6 7 2
0 19 8 1 4 0 3 2 6 7 5
0 20 6 1 4 3 0 2 6 7 5
0 21 6 1 4 3 5 2 6 7 0
0 23 6 1 4 3 2 0 6 7 5
0 25 4 1 4 3 2 5 6 7 0
0 26 4 1 4 3 0 5 6 7 2
0 23 6 1 4 3 5 0 6 7 2
0 26 6 1 0 3 2 4 6 7 5
0 26 6 1 4 3 2 5 6 0 7
0 28 6 1 4 0 2 5 6 7 3
0 28 6 0 4 3 2 5 6 7 1
0 27 6 1 4 0 3 5 6 7 2
0 28 6 0 4 3 1 5 6 7 2
0 29 6 1 4 3 7 5 6 0 2
0 29 6 1 4 3 5 0 6 7 2
0 26 6 1 0 3 5 4 6 7 2
0 29 6 1 0 4 2 5 6 7 3
0 29 6 1 4 2 0 5 6 7 3
0 29 6 4 0 3 2 5 6 7 1
0 30 6 2 4 3 0 5 6 7 1
0 28 6 1 0 4 3 5 6 7 2
0 29 6 4 0 3 1 5 6 7 2
0 31 6 2 4 3 1 5 6 7 0
0 30 6 1 4 3 7 5 6 2 0
0 32 6 1 0 3 5 4 6 7 2
0 30 6 1 4 2 3 5 6 7 0
0 31 6 2 4 3 1 5 6 7 0
0 31 6 1 4 3 0 5 6 2 7
0 20 8 1 4 5 2 3 6 7 0
0 21 8 1 0 5 2 4 6 7 3
0 21 8 1 0 5 3 4 6 7 2
0 21 8 1 4 5 0 3 6 7 2
0 20 8 1 0 4 3 2 6 7 5
0 22 8 0 4 3 1 2 6 7 5
0 23 8 1 4 3 7 2 6 0 5
0 22 8 1 4 3 5 2 6 0 7
0 24 8 0 4 3 5 2 6 7 1
0 24 8 0 4 3 2 1 6 7 5
0 24 8 1 4 3 2 6 0 7 5
0 24 8 0 4 3 5 1 6 7 2
0 24 8 1 4 3 5 6 0 7 2
0 27 8 1 6 3 2 4 0 7 5
0 27 8 0 1 3 2 4 6 7 5
0 27 8 1 3 0 2 4 6 7 5
0 27 8 1 4 0 2 5 6 3 7
0 27 8 1 4 3 2 5 0 6 7
0 29 8 1 4 7 2 5 6 0 3
0 29 8 5 4 3 2 0 6 7 1
0 31 8 6 4 3 2 5 0 7 1
0 28 8 1 4 7 3 5 6 0 2
0 29 8 5 4 3 1 0 6 7 2
0 31 8 6 4 3 1 5 0 7 2
0 30 8 1 4 0 7 5 6 3 2
0 30 8 1 4 3 7 5 0 6 2
0 30 8 0 4 3 5 1 6 7 2
0 30 8 1 4 3 5 6 0 7 2
0 27 8 1 6 3 5 4 0 7 2
0 27 8 0 1 3 5 4 6 7 2
0 27 8 1 3 0 5 4 6 7 2
0 30 8 1 6 4 2 5 0 7 3
0 30 8 0 1 4 2 5 6 7 3
0 31 8 0 4 2 1 5 6 7 3
0 32 8 1 4 2 7 5 6 0 3
0 32 8 1 4 2 5 0 6 7 3
0 30 8 4 6 3 2 5 0 7 1
0 30 8 4 3 0 2 5 6 7 1
0 31 8 2 4 0 3 5 6 7 1
0 33 8 2 4 3 7 5 6 0 1
0 33 8 2 4 3 5 0 6 7 1
0 29 8 1 6 4 3 5 0 7 2
0 29 8 0 1 4 3 5 6 7 2
0 30 8 4 6 3 1 5 0 7 2
0 30 8 4 3 0 1 5 6 7 2
0 32 8 2 4 3 1 5 6 0 7
0 33 8 2 4 3 1 0 6 7 5
0 34 8 2 4 0 1 5 6 7 3
0 32 8 1 4 3 7 0 6 2 5
0 33 8 1 4 0 7 5 6 2 3
0 33 8 0 4 3 7 5 6 2 1
0 33 8 1 6 3 5 4 0 7 2
0 33 8 0 1 3 5 4 6 7 2
0 33 8 1 3 0 5 4 6 7 2
0 31 8 1 4 2 3 5 6 0 7
0 32 8 1 4 2 3 0 6 7 5
0 33 8 0 4 2 3 5 6 7 1
0 32 8 2 4 3 1 5 6 0 7
0 33 8 2 4 3 1 0 6 7 5
0 34 8 2 4 0 1 5 6 7 3
0 32 8 1 4 0 3 5 6 2 7
0 33 8 0 4 3 1 5 6 2 7
0 34 8 1 4 3 5 0 6 2 7
0 21 8 1 4 5 0 3 6 7 2
0 23 8 1 4 0 2 3 6 7 5
0 22 8 1 5 0 2 4 6 7 3
0 22 8 1 5 0 3 4 6 7 2
0 23 6 1 5 3 0 4 6 7 2
0 26 4 1 5 3 4 0 6 7 2
0 29 2 1 0 3 4 5 6 7 2
0 28 4 1 5 3 4 2 6 7 0
0 30 4 1 6 3 4 5 0 7 2
0 30 4 0 1 3 4 5 6 7 2
0 30 4 1 3 0 4 5 6 7 2
0 33 4 2 1 3 4 5 6 7 0
0 24 6 1 5 3 2 4 6 7 0
0 27 6 0 5 3 4 1 6 7 2
0 27 6 1 5 3 4 6 0 7 2
0 29 6 1 5 3 0 2 6 7 4
0 29 6 1 5 3 4 2 6 0 7
0 31 6 1 5 0 4 2 6 7 3
0 31 6 0 5 3 4 2 6 7 1
0 31 6 1 6 3 4 0 5 7 2
0 31 6 1 6 3 4 5 7 0 2
0 31 6 5 1 3 4 0 6 7 2
0 32 6 4 1 3 0 5 6 7 2
0 33 6 6 1 3 4 5 0 7 2
0 31 6 1 3 7 4 5 6 0 2
0 31 6 1 3 4 0 5 6 7 2
0 34 6 2 1 3 0 5 6 7 4
0 34 6 2 1 3 4 5 6 0 7
0 35 6 2 1 3 4 0 6 7 5
0 36 6 2 1 0 4 5 6 7 3
0 26 6 1 5 3 2 0 6 7 4
0 29 4 1 0 3 2 5 6 7 4
0 28 6 5 0 3 4 1 6 7 2
0 30 6 2 5 3 4 1 6 7 0
0 28 6 1 0 3 4 6 5 7 2
0 32 6 1 5 3 2 0 6 7 4
0 32 6 1 0 5 4 2 6 7 3
0 32 6 2 5 3 4 0 6 7 1
0 35 4 2 0 3 4 5 6 7 1
0 36 2 0 2 3 4 5 6 7 1
