0 0 0 2 0 3 6 4 5 7 1
15 1 14 2 5 3 6 4 0 7 1
15 1 14 2 3 0 6 4 5 7 1
14 2 12 2 3 7 6 4 5 0 1
13 3 10 2 3 7 6 4 5 1 0
14 2 12 2 3 6 0 4 5 7 1
13 3 10 2 3 6 1 4 5 7 0
14 4 10 2 3 7 0 4 5 1 6
14 4 10 2 3 6 1 4 5 0 7
15 3 12 2 3 7 6 4 0 5 1
15 5 10 2 3 6 7 4 5 0 1
14 6 8 2 3 6 7 4 5 1 0
15 5 10 2 3 0 7 4 5 1 6
14 6 8 2 3 1 7 4 5 0 6
13 7 6 2 3 1 7 4 5 6 0
15 5 10 2 3 0 1 4 5 6 7
14 6 8 2 3 1 0 4 5 6 7
14 6 8 2 3 1 0 4 5 6 7
15 5 10 2 3 6 1 4 0 5 7
15 7 8 2 3 1 7 4 0 5 6
16 2 14 2 5 3 6 0 4 7 1
12 4 8 2 5 3 6 1 4 7 0
13 5 8 2 5 3 0 1 4 7 6
13 5 8 2 5 3 6 1 4 0 7
14 8 6 2 5 3 7 1 4 0 6
13 9 4 2 5 3 7 1 4 6 0
16 2 14 2 5 3 6 4 7 0 1
15 3 12 2 5 3 6 4 7 1 0
16 4 12 2 3 7 6 0 4 5 1
12 6 6 2 3 7 6 1 4 5 0
13 7 6 2 3 7 0 1 4 5 6
14 8 6 2 3 0 7 1 4 5 6
13 9 4 2 3 5 7 1 4 0 6
12 10 2 2 3 5 7 1 4 6 0
15 7 8 2 3 7 6 1 4 0 5
15 11 4 2 3 5 0 1 4 6 7
16 6 10 2 3 0 7 4 5 6 1
16 6 10 2 3 6 7 4 0 5 1
16 6 10 2 3 6 1 0 4 5 7
15 9 6 2 3 6 0 1 4 5 7
14 10 4 2 3 6 7 1 4 5 0
16 8 8 2 3 1 7 0 4 5 6
16 6 10 2 5 0 3 1 4 7 6
15 7 8 2 5 7 3 1 4 0 6
14 8 6 2 5 7 3 1 4 6 0
16 6 10 2 5 0 6 1 4 3 7
15 7 8 2 5 6 0 1 4 3 7
14 8 6 2 5 6 7 1 4 3 0
16 6 10 2 5 3 6 1 0 4 7
16 10 6 2 5 3 0 1 4 6 7
16 4 12 2 5 3 0 4 7 1 6
16 10 6 2 3 7 5 1 4 0 6
15 11 4 2 3 7 5 1 4 6 0
16 10 6 2 3 5 7 1 0 4 6
16 10 6 2 3 1 7 6 4 5 0
17 1 16 0 2 3 6 4 5 7 1
12 4 8 1 2 3 6 4 5 7 0
13 5 8 1 2 3 0 4 5 7 6
14 6 8 1 2 3 6 0 5 7 4
13 7 6 1 2 3 6 5 0 7 4
13 9 4 1 2 3 0 6 5 7 4
12 10 2 1 2 3 4 6 5 7 0
14 8 6 1 2 3 4 0 5 7 6
13 9 4 1 2 3 4 5 0 7 6
14 8 6 1 2 3 6 5 7 0 4
14 10 4 1 2 3 4 5 7 0 6
13 11 2 1 2 3 4 5 7 6 0
15 3 12 6 2 3 0 4 5 7 1
14 4 10 6 2 3 1 4 5 7 0
15 5 10 1 2 3 6 4 5 0 7
15 11 4 1 2 3 4 6 5 0 7
15 9 6 1 2 3 6 5 7 4 0
16 2 14 4 2 3 6 0 5 7 1
12 4 8 4 2 3 6 1 5 7 0
13 5 8 4 2 3 0 1 5 7 6
15 3 12 4 2 3 6 5 0 7 1
15 5 10 4 2 3 0 6 5 7 1
14 6 8 4 2 3 1 6 5 7 0
15 5 10 4 2 3 6 1 5 0 7
15 7 8 0 2 3 4 1 5 7 6
14 10 4 6 2 3 4 1 5 7 0
15 7 8 0 2 3 4 1 5 7 6
16 6 10 1 2 0 3 4 5 7 6
16 8 8 1 2 3 7 4 5 0 6
15 9 6 1 2 3 7 4 5 6 0
16 8 8 1 0 3 6 5 2 7 4
16 10 6 1 2 0 3 6 5 7 4
16 10 6 1 0 3 4 5 2 7 6
16 12 4 1 2 3 0 5 7 6 4
16 6 10 6 2 3 4 0 5 7 1
12 8 4 6 2 3 4 1 5 7 0
15 7 8 6 2 3 4 5 0 7 1
15 9 6 6 2 3 0 1 5 7 4
15 9 6 6 2 3 4 1 5 0 7
15 9 6 6 2 3 0 1 5 7 4
15 9 6 6 2 3 4 1 5 0 7
16 6 10 6 2 3 1 0 5 7 4
15 7 8 6 2 3 1 5 0 7 4
16 6 10 1 2 3 6 4 0 5 7
16 10 6 1 2 3 0 5 7 4 6
16 6 10 4 2 0 3 1 5 7 6
16 4 12 4 2 3 6 5 7 0 1
15 5 10 4 2 3 6 5 7 1 0
16 8 8 2 0 3 4 1 5 7 6
16 10 6 5 2 3 4 1 0 7 6
16 8 8 2 0 3 4 1 5 7 6
16 10 6 5 2 3 4 1 0 7 6
16 8 8 6 2 3 4 5 7 0 1
15 9 6 6 2 3 4 5 7 1 0
16 8 8 6 2 3 1 5 7 0 4
16 6 10 4 2 3 0 5 7 1 6
17 5 12 2 3 6 4 0 5 7 1
13 7 6 2 3 6 4 1 5 7 0
16 6 10 2 3 6 4 5 0 7 1
16 8 8 2 3 6 0 1 5 7 4
16 8 8 2 3 6 4 1 5 0 7
17 5 12 2 3 6 1 0 5 7 4
16 6 10 2 3 6 1 5 0 7 4
17 7 10 2 3 7 1 4 5 0 6
16 8 8 2 3 7 1 4 5 6 0
17 7 10 2 3 6 0 4 5 1 7
17 3 14 0 5 3 6 2 4 7 1
12 6 6 1 5 3 6 2 4 7 0
13 7 6 1 5 3 0 2 4 7 6
13 7 6 1 5 3 6 2 4 0 7
14 10 4 1 5 3 7 2 4 0 6
13 11 2 1 5 3 7 2 4 6 0
16 8 8 1 5 0 3 2 4 7 6
15 9 6 1 5 7 3 2 4 0 6
14 10 4 1 5 7 3 2 4 6 0
16 8 8 1 5 0 6 2 4 3 7
15 9 6 1 5 6 0 2 4 3 7
14 10 4 1 5 6 7 2 4 3 0
16 8 8 1 5 3 6 2 0 4 7
16 12 4 1 5 3 0 2 4 6 7
17 5 12 2 5 3 0 6 4 7 1
16 6 10 2 5 3 1 6 4 7 0
17 9 8 2 5 0 7 1 4 3 6
17 9 8 2 5 3 7 1 0 4 6
17 5 12 0 3 7 6 2 4 5 1
12 8 4 1 3 7 6 2 4 5 0
13 9 4 1 3 7 0 2 4 5 6
14 10 4 1 3 0 7 2 4 5 6
13 11 2 1 3 5 7 2 4 0 6
