0 0 0 2 0 3 6 4 5 7 1
9 1 8 0 2 3 6 4 5 7 1
10 2 8 4 2 3 6 0 5 7 1
9 3 6 4 2 3 6 5 0 7 1
10 4 6 1 2 3 6 4 5 7 0
11 1 10 2 5 3 6 4 0 7 1
11 3 8 6 2 3 0 4 5 7 1
11 5 6 1 2 3 0 4 5 7 6
12 4 8 5 2 3 6 4 0 7 1
12 4 8 4 2 3 6 1 5 7 0
12 4 8 4 0 3 6 5 2 7 1
12 4 8 4 2 3 6 5 7 0 1
12 6 6 1 2 3 6 0 5 7 4
11 7 4 1 2 3 6 5 0 7 4
12 2 10 2 5 3 6 0 4 7 1
12 4 8 6 2 3 1 4 5 7 0
12 6 6 6 2 3 4 0 5 7 1
11 7 4 6 2 3 4 5 0 7 1
12 8 4 1 2 3 4 0 5 7 6
11 9 2 1 2 3 4 5 0 7 6
13 1 12 2 3 0 6 4 5 7 1
13 5 8 4 2 3 0 6 5 7 1
13 5 8 1 2 3 6 4 5 0 7
13 5 8 5 2 3 6 0 4 7 1
12 6 6 0 2 3 6 5 4 7 1
13 5 8 4 2 3 0 1 5 7 6
13 5 8 0 4 3 6 5 2 7 1
13 5 8 4 2 3 6 5 7 1 0
13 3 10 0 5 3 6 2 4 7 1
13 5 8 2 0 3 6 5 4 7 1
13 7 6 0 2 3 4 6 5 7 1
13 7 6 0 2 3 4 6 5 7 1
13 9 4 1 2 3 6 5 4 7 0
13 7 6 0 2 3 4 1 5 7 6
13 7 6 0 2 3 4 1 5 7 6
14 2 12 2 5 3 6 4 7 0 1
14 4 10 6 2 0 3 4 5 7 1
14 6 8 1 2 0 3 4 5 7 6
14 8 6 1 0 3 6 5 2 7 4
14 8 6 1 2 3 6 5 7 0 4
14 4 10 2 5 3 6 1 4 7 0
14 6 8 6 2 3 1 0 5 7 4
13 7 6 6 2 3 1 5 0 7 4
14 8 6 6 2 3 4 1 5 7 0
14 8 6 6 0 3 4 5 2 7 1
14 8 6 6 2 3 4 5 7 0 1
14 10 4 1 2 3 4 6 5 7 0
14 10 4 1 0 3 4 5 2 7 6
14 10 4 1 2 3 4 5 7 0 6
14 2 12 2 3 7 6 4 5 0 1
14 2 12 2 3 6 0 4 5 7 1
14 6 8 4 2 3 1 6 5 7 0
14 6 8 1 2 3 6 4 0 5 7
14 8 6 6 2 3 0 5 4 7 1
14 8 6 1 4 3 6 5 2 7 0
14 6 8 4 2 3 0 5 7 1 6
14 4 10 5 0 3 6 2 4 7 1
14 4 10 5 0 3 6 2 4 7 1
14 6 8 1 5 3 6 2 4 7 0
14 6 8 2 4 3 6 5 0 7 1
14 6 8 2 4 3 6 5 0 7 1
14 10 4 1 2 3 4 6 5 7 0
14 10 4 1 2 3 4 6 5 7 0
14 10 4 1 2 3 0 5 4 7 6
14 8 6 0 2 3 4 5 7 1 6
15 5 10 4 0 3 6 2 5 7 1
15 7 8 1 2 0 6 4 5 7 3
15 7 8 0 2 3 1 4 5 7 6
15 5 10 5 0 3 6 4 2 7 1
15 5 10 5 2 3 6 4 7 0 1
15 5 10 4 2 3 6 1 5 0 7
15 7 8 0 2 3 6 1 5 7 4
15 5 10 4 3 0 6 5 2 7 1
15 5 10 4 2 0 6 5 7 3 1
15 7 8 0 2 3 6 1 5 7 4
15 9 6 1 2 3 0 6 5 7 4
15 5 10 2 5 3 0 6 4 7 1
15 5 10 6 2 3 1 4 5 0 7
15 7 8 0 2 3 1 4 5 7 6
15 7 8 5 2 3 6 1 4 7 0
15 7 8 6 4 3 0 5 2 7 1
15 5 10 6 5 3 0 2 4 7 1
15 3 12 2 5 3 6 4 7 1 0
15 9 6 1 2 3 6 5 7 4 0
15 5 10 2 5 3 0 1 4 7 6
15 7 8 0 2 3 1 6 5 7 4
15 9 6 0 6 3 4 5 2 7 1
15 9 6 6 2 3 4 5 7 1 0
15 11 4 1 2 3 4 5 7 6 0
15 3 12 2 3 7 6 4 0 5 1
15 3 12 2 3 7 6 4 5 1 0
15 3 12 2 3 6 1 4 5 7 0
15 5 10 2 3 6 4 0 5 7 1
14 6 8 2 3 6 4 5 0 7 1
15 7 8 1 2 3 6 0 4 5 7
15 9 6 6 2 3 1 5 4 7 0
15 9 6 1 4 3 0 5 2 7 6
15 5 10 5 4 3 6 2 0 7 1
15 5 10 5 4 3 6 2 0 7 1
15 7 8 1 5 3 0 2 4 7 6
15 7 8 2 0 6 4 5 3 7 1
14 8 6 0 2 6 4 5 3 7 1
15 11 4 1 2 6 4 5 3 7 0
16 6 10 6 2 3 7 4 5 0 1
16 8 8 1 2 3 7 4 5 0 6
16 6 10 4 2 0 3 6 5 7 1
16 6 10 1 2 0 6 4 5 3 7
16 8 8 5 2 3 0 6 4 7 1
16 6 10 4 2 0 3 1 5 7 6
16 8 8 4 2 3 1 0 5 7 6
15 9 6 4 2 3 1 5 0 7 6
16 6 10 5 4 3 6 0 2 7 1
16 8 8 0 2 3 6 5 7 1 4
16 6 10 4 5 3 6 2 0 7 1
16 6 10 2 3 0 6 5 4 7 1
16 8 8 2 0 3 4 6 5 7 1
16 10 6 5 2 3 4 6 0 7 1
15 11 4 5 2 3 4 0 6 7 1
14 12 2 0 2 3 4 5 6 7 1
