0 0 0 3 6 0 2 5 4 7 1
13 1 12 3 6 2 0 5 4 7 1
12 2 10 3 6 2 1 5 4 7 0
15 1 14 3 6 7 2 5 4 0 1
14 2 12 3 6 7 2 5 4 1 0
15 3 12 3 6 2 1 5 4 0 7
16 2 14 3 6 7 2 5 0 4 1
16 4 12 3 6 2 1 5 0 4 7
17 1 16 3 0 6 2 5 4 7 1
16 2 14 3 4 6 2 5 0 7 1
17 3 14 0 6 2 3 5 4 7 1
12 6 6 1 6 2 3 5 4 7 0
15 7 8 1 6 2 0 5 4 7 3
15 7 8 1 6 2 3 5 4 0 7
16 8 8 1 6 2 3 5 0 4 7
17 3 14 3 6 7 0 5 4 1 2
17 3 14 3 0 7 2 5 6 4 1
17 5 12 3 0 2 1 5 6 4 7
16 6 10 3 2 0 1 5 6 4 7
15 7 8 3 2 4 1 5 6 0 7
14 8 6 3 2 4 1 5 6 7 0
15 7 8 3 2 1 0 5 6 4 7
16 8 8 3 2 1 7 5 6 4 0
16 10 6 3 2 1 4 5 6 0 7
15 11 4 3 2 1 4 5 6 7 0
17 3 14 3 4 6 2 5 7 0 1
16 4 12 3 4 6 2 5 7 1 0
17 9 8 1 0 2 3 5 6 4 7
16 10 6 1 2 0 3 5 6 4 7
15 11 4 1 2 4 3 5 6 0 7
14 12 2 1 2 4 3 5 6 7 0
15 11 4 1 2 3 0 5 6 4 7
16 12 4 1 2 3 7 5 6 4 0
16 14 2 1 2 3 4 5 6 0 7
