0 0 0 3 6 0 2 5 4 7 1
11 1 10 3 0 6 2 5 4 7 1
11 1 10 3 6 2 0 5 4 7 1
12 2 10 3 4 6 2 5 0 7 1
12 2 10 0 3 6 2 5 4 7 1
12 2 10 3 6 2 1 5 4 7 0
13 1 12 3 6 7 2 5 4 0 1
13 3 10 0 6 2 3 5 4 7 1
13 5 8 1 3 6 2 5 4 7 0
14 4 10 2 3 6 0 5 4 7 1
14 2 12 3 6 7 2 5 0 4 1
13 3 10 3 0 7 2 5 6 4 1
14 2 12 3 6 7 2 5 4 1 0
14 4 10 6 0 2 3 5 4 7 1
13 5 8 6 2 0 3 5 4 7 1
12 6 6 6 2 3 0 5 4 7 1
13 7 6 6 2 3 1 5 4 7 0
14 6 8 1 6 2 3 5 4 7 0
14 6 8 1 3 6 0 5 4 7 2
14 4 10 0 3 7 2 5 6 4 1
14 4 10 3 7 0 2 5 6 4 1
14 8 6 0 2 3 6 5 4 7 1
15 3 12 3 4 6 2 0 5 7 1
15 3 12 3 4 6 2 5 7 0 1
15 3 12 5 3 6 2 0 4 7 1
15 5 10 4 3 6 2 5 0 7 1
15 3 12 3 6 2 1 5 4 0 7
15 5 10 3 6 0 1 5 4 7 2
15 5 10 0 6 2 1 5 4 7 3
15 5 10 2 3 6 1 5 4 7 0
15 5 10 2 3 0 6 5 4 7 1
14 6 8 2 0 3 6 5 4 7 1
13 7 6 0 2 3 6 5 4 7 1
14 6 8 2 0 3 6 5 4 7 1
14 10 4 1 2 3 6 5 4 7 0
14 10 4 1 2 3 6 5 4 7 0
15 3 12 3 6 7 0 5 4 1 2
15 5 10 6 4 2 3 5 0 7 1
15 7 8 1 6 2 0 5 4 7 3
15 7 8 1 3 0 6 5 4 7 2
14 8 6 1 0 3 6 5 4 7 2
15 7 8 1 3 7 2 5 6 4 0
15 5 10 3 7 4 2 5 6 0 1
15 5 10 3 7 2 0 5 6 4 1
15 7 8 1 6 2 0 5 4 7 3
15 7 8 2 4 3 6 5 0 7 1
15 7 8 2 4 3 6 5 0 7 1
15 11 4 1 2 3 0 5 4 7 6
15 11 4 1 2 3 0 5 4 7 6
15 9 6 1 4 3 6 5 0 7 2
16 4 12 3 6 2 7 5 4 0 1
16 4 12 3 6 2 5 0 4 7 1
16 4 12 3 6 2 1 0 4 7 5
16 4 12 5 6 2 3 0 4 7 1
16 6 10 4 6 2 3 5 0 7 1
15 7 8 4 0 2 3 5 6 7 1
14 8 6 4 2 0 3 5 6 7 1
13 9 4 4 2 3 0 5 6 7 1
13 11 2 0 2 3 4 5 6 7 1
14 10 4 4 2 3 1 5 6 7 0
