0 0 0 3 6 0 2 5 4 7 1
0 1 12 3 6 2 0 5 4 7 1
0 2 10 3 6 2 1 5 4 7 0
0 3 12 3 6 2 1 5 4 0 7
0 4 12 3 6 2 1 5 0 4 7
0 5 12 3 0 2 1 5 6 4 7
0 6 10 3 2 0 1 5 6 4 7
0 7 8 3 2 4 1 5 6 0 7
0 8 6 3 2 4 1 5 6 7 0
0 7 8 3 2 1 0 5 6 4 7
0 10 6 3 2 1 4 5 6 0 7
0 11 4 3 2 1 4 5 6 7 0
0 12 6 3 2 1 0 5 6 7 4
0 9 8 3 2 4 0 5 6 7 1
0 11 8 3 2 0 1 5 6 7 4
0 8 8 3 2 1 7 5 6 4 0
0 11 8 3 2 0 4 5 6 1 7
0 11 8 3 2 1 4 5 0 6 7
0 14 8 3 2 0 4 5 6 7 1
0 14 8 0 2 1 4 5 6 7 3
0 13 8 3 2 0 1 5 6 7 4
0 14 8 0 2 1 3 5 6 7 4
0 17 6 4 2 1 3 5 6 7 0
0 15 8 3 2 1 7 5 6 0 4
0 10 8 3 2 0 4 5 6 7 1
0 12 8 3 2 7 1 5 6 0 4
0 9 8 3 2 1 7 5 6 0 4
0 12 8 3 2 4 0 5 6 1 7
0 15 8 3 2 7 4 5 6 0 1
0 16 6 3 2 7 4 5 6 1 0
0 15 8 5 2 1 4 0 6 7 3
0 17 6 5 2 1 4 3 6 7 0
0 15 8 2 0 1 4 5 6 7 3
0 16 6 2 1 0 4 5 6 7 3
0 17 6 2 1 7 4 5 6 0 3
0 18 4 2 1 7 4 5 6 3 0
0 17 6 2 1 4 0 5 6 7 3
0 18 4 2 1 4 3 5 6 7 0
0 19 6 2 1 7 0 5 6 3 4
0 21 6 2 1 0 4 5 6 3 7
0 22 4 2 1 3 4 5 6 0 7
0 23 2 2 1 3 4 5 6 7 0
0 24 4 2 1 3 0 5 6 7 4
0 19 6 2 1 4 3 5 6 0 7
0 21 6 2 1 0 3 5 6 7 4
0 22 6 2 1 7 3 5 6 0 4
0 22 6 2 1 4 0 5 6 3 7
0 23 6 2 1 3 4 5 0 6 7
0 25 6 2 1 0 3 5 6 7 4
0 27 6 2 1 3 7 5 6 0 4
0 22 6 2 1 7 3 5 6 0 4
0 23 6 2 1 7 3 5 6 4 0
0 23 6 2 1 4 7 5 6 3 0
0 28 6 2 1 3 7 5 6 4 0
0 23 6 2 1 7 3 5 6 4 0
0 29 6 2 1 3 0 5 6 4 7
0 16 8 4 2 1 0 5 6 7 3
0 17 8 6 2 1 4 5 0 7 3
0 14 8 3 2 7 1 5 6 0 4
0 15 8 5 2 1 3 0 6 7 4
0 15 8 2 0 1 3 5 6 7 4
0 17 8 6 2 1 3 5 0 7 4
0 18 8 4 2 1 0 5 6 7 3
0 18 8 4 2 1 3 5 6 0 7
0 11 8 3 2 7 4 5 6 0 1
0 13 8 3 2 7 1 5 6 4 0
0 13 8 3 2 4 7 5 6 1 0
0 17 8 3 2 7 0 5 6 1 4
0 16 8 5 2 1 4 6 0 7 3
0 18 8 5 2 1 0 3 6 7 4
0 18 8 5 2 1 4 3 6 0 7
0 16 8 2 6 1 4 5 0 7 3
0 18 8 2 1 7 4 5 0 6 3
0 20 8 2 1 4 7 5 6 0 3
0 20 8 2 1 0 7 5 6 3 4
0 22 8 2 0 1 4 5 6 3 7
0 25 8 2 1 3 4 0 6 7 5
0 26 8 0 1 3 4 5 6 7 2
0 27 6 1 0 3 4 5 6 7 2
0 28 6 1 6 3 4 5 0 7 2
0 28 6 1 3 0 4 5 6 7 2
0 29 6 1 6 3 4 5 7 0 2
0 30 4 1 6 3 4 5 7 2 0
0 29 6 1 3 7 4 5 6 0 2
0 30 4 1 3 7 4 5 6 2 0
0 29 6 1 3 4 0 5 6 7 2
0 30 4 1 3 4 2 5 6 7 0
0 31 6 1 6 3 0 5 7 2 4
0 31 6 1 3 7 0 5 6 2 4
0 33 6 1 3 0 4 5 6 2 7
0 34 4 1 3 2 4 5 6 0 7
0 35 2 1 3 2 4 5 6 7 0
0 36 4 1 3 2 0 5 6 7 4
0 31 6 1 3 4 2 5 6 0 7
0 33 6 1 3 0 2 5 6 7 4
0 34 6 1 6 3 2 5 7 0 4
0 34 6 1 3 7 2 5 6 0 4
0 34 6 1 0 3 4 5 6 2 7
0 34 6 1 3 4 0 5 6 2 7
0 35 6 1 3 2 4 5 0 6 7
0 37 6 1 3 0 2 5 6 7 4
0 39 6 1 3 2 7 5 6 0 4
0 34 6 1 3 7 2 5 6 0 4
0 34 6 1 0 3 2 5 6 7 4
0 35 6 1 6 3 2 5 0 7 4
0 35 6 1 6 3 2 5 7 4 0
0 35 6 1 3 7 2 5 6 4 0
0 35 6 1 6 3 4 5 0 2 7
0 36 4 1 6 3 4 5 2 0 7
0 37 2 1 6 3 4 5 2 7 0
0 38 4 1 6 3 0 5 2 7 4
0 35 6 1 3 4 7 5 6 2 0
0 38 6 1 0 3 2 5 6 7 4
0 40 6 1 3 2 7 5 6 4 0
0 35 6 1 3 7 2 5 6 4 0
0 35 6 1 6 3 2 5 0 7 4
0 37 6 1 6 0 4 5 2 3 7
0 40 6 1 6 0 4 5 2 7 3
0 39 6 1 6 0 3 5 2 7 4
0 41 6 1 6 3 7 5 2 0 4
0 41 6 1 3 2 0 5 6 4 7
0 38 6 1 6 4 0 5 2 3 7
0 41 6 1 6 7 4 5 2 0 3
0 42 4 1 6 7 4 5 2 3 0
0 41 6 1 6 4 0 5 2 7 3
0 42 4 1 6 4 3 5 2 7 0
0 40 6 1 6 7 3 5 2 0 4
0 42 6 1 6 3 7 5 2 4 0
0 39 6 1 6 4 7 5 2 3 0
0 41 6 1 6 4 3 5 2 0 7
0 43 6 1 6 7 0 5 2 3 4
0 43 6 1 6 4 3 5 2 0 7
0 41 6 1 6 7 3 5 2 4 0
0 43 6 1 6 3 0 5 2 4 7
0 26 8 0 1 3 2 5 6 7 4
0 29 6 4 1 3 2 5 6 7 0
0 20 8 2 1 0 3 5 6 4 7
0 20 8 2 1 4 3 5 0 6 7
0 22 8 2 0 1 3 5 6 7 4
0 23 8 2 1 7 3 5 0 6 4
0 24 8 2 0 3 4 5 1 6 7
0 24 8 2 1 3 4 0 5 6 7
0 26 6 2 1 3 4 7 5 6 0
0 26 8 2 0 1 3 5 6 7 4
0 28 8 2 1 0 7 5 6 3 4
0 28 8 2 1 3 7 5 0 6 4
0 23 8 2 1 7 3 5 0 6 4
0 24 8 2 1 7 0 5 6 4 3
0 26 8 2 1 0 3 5 6 4 7
0 24 8 2 1 4 7 5 6 0 3
0 26 8 2 1 0 7 5 6 3 4
0 24 8 2 1 7 0 5 6 4 3
0 26 8 2 1 0 3 5 6 4 7
0 30 8 2 1 0 3 5 6 4 7
0 18 8 6 2 1 4 5 7 0 3
0 19 6 6 2 1 4 5 7 3 0
0 15 8 3 2 7 1 5 6 4 0
0 16 8 5 2 1 3 6 0 7 4
0 17 8 5 2 1 3 4 6 7 0
0 18 8 5 2 1 0 3 6 7 4
0 16 8 2 6 1 3 5 0 7 4
0 18 8 6 2 1 3 5 7 0 4
0 17 8 5 2 1 4 6 7 0 3
0 18 6 5 2 1 4 6 7 3 0
0 17 8 2 6 1 4 5 7 0 3
0 18 6 2 6 1 4 5 7 3 0
0 23 8 2 6 1 4 5 0 3 7
0 23 8 0 2 1 4 5 6 3 7
0 26 6 7 2 1 4 5 6 3 0
0 26 8 2 1 3 4 6 0 7 5
0 28 8 2 0 3 4 1 6 7 5
0 27 8 5 1 3 4 0 6 7 2
0 29 4 5 1 3 4 2 6 7 0
0 30 6 5 1 3 0 2 6 7 4
0 30 6 5 1 3 4 2 6 0 7
0 28 8 4 1 3 0 5 6 7 2
0 29 8 6 1 3 4 5 0 7 2
0 29 8 1 6 3 4 0 5 7 2
0 31 4 1 6 3 4 2 5 7 0
0 32 6 1 6 3 0 2 5 7 4
0 32 6 1 6 3 4 2 5 0 7
0 30 8 1 6 0 4 5 7 3 2
0 33 8 1 6 0 4 5 7 2 3
0 34 6 1 6 2 4 5 7 0 3
0 35 4 1 6 2 4 5 7 3 0
0 35 6 1 6 2 4 5 0 7 3
0 36 6 1 6 2 0 5 7 3 4
0 36 6 1 0 2 4 5 6 7 3
0 37 4 1 2 0 4 5 6 7 3
0 38 4 1 2 7 4 5 6 0 3
0 39 2 1 2 7 4 5 6 3 0
0 38 4 1 2 4 0 5 6 7 3
0 39 2 1 2 4 3 5 6 7 0
0 40 4 1 2 7 0 5 6 3 4
0 42 4 1 2 0 4 5 6 3 7
0 43 2 1 2 3 4 5 6 0 7
