0 0 0 3 6 0 2 5 4 7 1
0 1 10 3 0 6 2 5 4 7 1
0 1 10 3 6 2 0 5 4 7 1
0 2 10 3 4 6 2 5 0 7 1
0 2 10 0 3 6 2 5 4 7 1
0 5 8 1 3 6 2 5 4 7 0
0 6 8 1 3 6 0 5 4 7 2
0 8 8 1 3 0 2 5 4 7 6
0 9 6 1 0 3 2 5 4 7 6
0 10 6 1 4 3 2 5 0 7 6
0 7 8 1 3 0 6 5 4 7 2
0 8 6 1 0 3 6 5 4 7 2
0 9 6 1 4 3 6 5 0 7 2
0 9 8 1 3 2 0 5 4 7 6
0 10 8 0 1 3 2 5 4 7 6
0 11 8 1 4 3 2 0 5 7 6
0 11 8 1 4 3 2 5 7 0 6
0 9 8 0 1 3 6 5 4 7 2
0 10 8 1 4 3 6 0 5 7 2
0 10 8 1 4 3 6 5 7 0 2
0 10 8 1 3 2 6 5 4 7 0
0 12 8 2 1 3 0 5 4 7 6
0 13 8 4 1 3 2 5 0 7 6
0 13 8 6 1 3 2 5 4 7 0
0 13 8 1 4 3 2 6 5 7 0
0 14 8 1 0 3 2 4 5 7 6
0 14 8 1 4 3 0 2 5 7 6
0 12 8 1 4 3 2 5 7 6 0
0 11 8 6 1 3 0 5 4 7 2
0 12 8 4 1 3 6 5 0 7 2
0 12 8 2 1 3 6 5 4 7 0
0 12 8 1 4 3 6 2 5 7 0
0 13 8 1 0 3 6 4 5 7 2
0 13 8 1 4 3 0 6 5 7 2
0 11 8 1 4 3 6 5 7 2 0
0 13 8 2 1 3 6 5 4 7 0
0 14 8 4 0 3 2 5 1 7 6
0 14 8 6 1 3 0 5 4 7 2
0 14 8 1 4 3 0 6 5 7 2
0 15 8 1 5 3 2 4 0 7 6
0 15 8 1 4 3 6 2 5 7 0
0 13 8 1 4 3 0 5 7 6 2
0 13 8 4 0 3 6 5 1 7 2
0 14 8 1 5 3 6 4 0 7 2
0 12 8 1 4 3 0 5 7 2 6
0 15 8 0 4 3 2 5 1 7 6
0 16 8 1 5 3 2 0 4 7 6
0 14 8 0 4 3 6 5 1 7 2
0 15 8 1 5 3 6 0 4 7 2
0 17 8 2 4 3 0 5 1 7 6
0 18 8 6 4 3 2 5 1 7 0
0 18 8 1 5 3 2 6 4 7 0
0 19 8 1 5 3 0 2 4 7 6
0 16 8 6 4 3 0 5 1 7 2
0 17 8 2 4 3 6 5 1 7 0
0 17 8 1 5 3 6 2 4 7 0
0 18 8 1 5 3 0 6 4 7 2
0 18 8 2 4 3 6 5 1 7 0
0 19 8 6 4 3 0 5 1 7 2
0 19 8 1 5 3 0 6 4 7 2
0 20 8 1 5 3 6 2 4 7 0
0 2 10 3 6 2 1 5 4 7 0
0 3 10 0 6 2 3 5 4 7 1
0 6 8 1 6 2 3 5 4 7 0
0 7 8 1 6 2 0 5 4 7 3
0 9 8 1 6 0 3 5 4 7 2
0 10 6 1 6 3 0 5 4 7 2
0 11 6 1 6 3 2 5 4 7 0
0 8 8 1 6 0 2 5 4 7 3
0 10 8 1 0 6 3 5 4 7 2
0 12 8 0 6 3 1 5 4 7 2
0 13 8 1 6 3 7 5 4 0 2
0 13 8 1 6 3 5 0 4 7 2
0 12 8 1 6 3 2 5 4 0 7
0 13 8 1 6 3 2 0 4 7 5
0 14 8 1 6 0 2 5 4 7 3
0 14 8 0 6 3 2 5 4 7 1
0 9 8 1 0 6 2 5 4 7 3
0 11 8 1 4 6 3 5 0 7 2
0 13 8 6 0 3 1 5 4 7 2
0 15 8 4 6 3 1 5 0 7 2
0 16 6 4 0 3 1 5 6 7 2
0 17 6 0 4 3 1 5 6 7 2
0 19 4 1 4 3 0 5 6 7 2
0 20 4 1 4 3 2 5 6 7 0
0 20 6 2 4 3 1 5 6 7 0
0 20 6 1 4 0 3 5 6 7 2
0 22 6 1 4 3 7 5 6 0 2
0 22 6 1 4 3 5 0 6 7 2
0 21 6 1 4 3 2 5 6 0 7
0 22 6 1 4 3 2 0 6 7 5
0 23 6 1 4 0 2 5 6 7 3
0 23 6 0 4 3 2 5 6 7 1
0 21 6 2 4 3 0 5 6 7 1
0 21 6 1 0 4 3 5 6 7 2
0 23 6 1 4 3 7 5 6 2 0
0 24 6 1 4 3 5 2 6 7 0
0 25 6 1 0 3 5 4 6 7 2
0 25 6 1 0 3 2 4 6 7 5
0 25 6 1 4 3 0 2 6 7 5
0 24 6 1 0 4 2 5 6 7 3
0 24 6 1 4 2 0 5 6 7 3
0 24 6 4 0 3 2 5 6 7 1
0 25 6 2 4 3 0 5 6 7 1
0 24 6 1 4 3 0 5 6 2 7
0 25 6 1 4 3 0 2 6 7 5
0 25 6 1 4 2 3 5 6 7 0
0 15 8 2 6 3 1 5 4 7 0
0 14 8 1 6 3 7 5 0 4 2
0 15 6 1 0 3 7 5 6 4 2
0 14 8 1 6 3 7 5 4 2 0
0 14 8 1 6 3 5 4 0 7 2
0 15 8 1 6 3 5 2 4 7 0
0 16 8 1 0 3 5 6 4 7 2
0 13 8 1 6 3 2 5 0 4 7
0 14 6 1 0 3 2 5 6 4 7
0 14 8 1 6 3 2 4 0 7 5
0 16 8 1 0 3 2 6 4 7 5
0 16 8 1 6 3 0 2 4 7 5
0 15 8 1 0 6 2 5 4 7 3
0 15 8 6 0 3 2 5 4 7 1
0 16 8 2 6 3 0 5 4 7 1
0 17 8 4 6 3 2 5 0 7 1
0 10 8 1 4 6 2 5 0 7 3
0 14 8 6 4 3 1 5 0 7 2
0 17 8 4 3 0 1 5 6 7 2
0 18 8 5 4 3 1 0 6 7 2
0 20 8 6 4 3 1 5 0 7 2
0 21 8 2 4 3 1 5 6 0 7
0 22 8 2 4 3 1 0 6 7 5
0 23 8 2 4 0 1 5 6 7 3
0 21 8 1 4 7 3 5 6 0 2
0 23 8 1 4 0 7 5 6 3 2
0 23 8 1 4 3 7 5 0 6 2
0 23 8 0 4 3 5 1 6 7 2
0 23 8 1 4 3 5 6 0 7 2
0 22 8 1 4 0 2 5 6 3 7
0 22 8 1 4 3 2 5 0 6 7
0 23 8 0 4 3 2 1 6 7 5
0 23 8 1 4 3 2 6 0 7 5
0 24 8 1 4 7 2 5 6 0 3
0 24 8 5 4 3 2 0 6 7 1
0 26 8 6 4 3 2 5 0 7 1
0 22 8 2 4 0 3 5 6 7 1
0 24 8 2 4 3 7 5 6 0 1
0 24 8 2 4 3 5 0 6 7 1
0 22 8 1 6 4 3 5 0 7 2
0 22 8 0 1 4 3 5 6 7 2
0 25 8 1 4 3 7 0 6 2 5
0 26 8 1 4 0 7 5 6 2 3
0 26 8 0 4 3 7 5 6 2 1
0 25 8 1 4 3 5 2 6 0 7
0 27 8 1 4 0 5 2 6 7 3
0 27 8 0 4 3 5 2 6 7 1
0 26 8 1 6 3 5 4 0 7 2
0 26 8 0 1 3 5 4 6 7 2
0 26 8 1 3 0 5 4 6 7 2
0 26 8 1 6 3 2 4 0 7 5
0 26 8 0 1 3 2 4 6 7 5
0 26 8 1 3 0 2 4 6 7 5
0 26 8 1 4 0 3 2 6 7 5
0 27 8 0 4 3 1 2 6 7 5
0 28 8 1 4 3 7 2 6 0 5
0 25 8 1 6 4 2 5 0 7 3
0 25 8 0 1 4 2 5 6 7 3
0 26 8 0 4 2 1 5 6 7 3
0 27 8 1 4 2 7 5 6 0 3
0 27 8 1 4 2 5 0 6 7 3
0 25 8 4 6 3 2 5 0 7 1
0 25 8 4 3 0 2 5 6 7 1
0 26 8 2 4 0 3 5 6 7 1
0 28 8 2 4 3 7 5 6 0 1
0 28 8 2 4 3 5 0 6 7 1
0 25 8 1 4 0 3 5 6 2 7
0 26 8 0 4 3 1 5 6 2 7
0 27 8 1 4 3 5 0 6 2 7
0 26 8 1 4 0 3 2 6 7 5
0 27 8 0 4 3 1 2 6 7 5
0 28 8 1 4 3 7 2 6 0 5
0 26 8 1 4 2 3 5 6 0 7
0 27 8 1 4 2 3 0 6 7 5
0 28 8 0 4 2 3 5 6 7 1
0 16 8 2 6 3 0 5 4 7 1
0 16 8 0 1 3 7 5 6 4 2
0 16 8 1 3 0 7 5 6 4 2
0 15 8 1 6 3 0 5 4 2 7
0 16 8 1 6 3 0 2 4 7 5
0 17 8 1 4 3 5 6 0 7 2
0 15 8 0 1 3 2 5 6 4 7
0 15 8 1 3 0 2 5 6 4 7
0 17 8 1 4 3 2 6 0 7 5
0 16 8 1 4 6 2 5 0 7 3
0 16 8 6 4 3 2 5 0 7 1
0 18 8 4 3 1 0 5 6 7 2
0 20 6 0 3 1 4 5 6 7 2
0 21 6 3 0 1 4 5 6 7 2
0 23 6 2 3 1 4 5 6 7 0
0 22 6 3 1 0 4 5 6 7 2
0 26 6 2 3 0 4 5 6 7 1
0 27 4 2 0 3 4 5 6 7 1
0 28 2 0 2 3 4 5 6 7 1
