0 0 0 2 7 6 4 0 5 1 3
13 1 12 2 7 6 4 5 0 1 3
12 2 10 2 7 6 4 5 1 0 3
11 3 8 2 7 6 4 5 1 3 0
13 3 10 2 7 0 4 5 1 6 3
14 2 12 2 7 6 4 3 5 1 0
14 2 12 2 0 6 4 5 7 1 3
13 3 10 2 6 0 4 5 7 1 3
12 4 8 2 6 1 4 5 7 0 3
11 5 6 2 6 1 4 5 7 3 0
13 5 8 2 6 1 4 5 0 7 3
14 4 10 2 7 6 0 5 1 3 4
14 4 10 2 0 7 4 5 1 6 3
13 5 8 2 1 7 4 5 0 6 3
12 6 6 2 1 7 4 5 6 0 3
11 7 4 2 1 7 4 5 6 3 0
13 7 6 2 1 0 4 5 6 7 3
14 4 10 2 7 4 0 5 1 6 3
13 5 8 2 7 4 3 5 1 6 0
14 4 10 2 6 4 0 5 7 1 3
13 5 8 2 6 4 3 5 7 1 0
14 6 8 2 6 1 0 5 7 3 4
14 6 8 2 0 1 4 5 6 7 3
14 8 6 2 1 7 0 5 6 3 4
14 8 6 2 1 4 0 5 6 7 3
13 9 4 2 1 4 3 5 6 7 0
15 3 12 0 2 6 4 5 7 1 3
14 6 8 3 2 6 4 5 7 1 0
15 5 10 0 2 7 4 5 1 6 3
14 8 6 1 2 7 4 5 0 6 3
13 9 4 1 2 7 4 5 6 0 3
12 10 2 1 2 7 4 5 6 3 0
14 8 6 3 2 7 4 5 1 6 0
14 10 4 1 2 0 4 5 6 7 3
15 7 8 0 2 1 4 5 6 7 3
14 10 4 3 2 1 4 5 6 7 0
15 11 4 1 2 7 0 5 6 3 4
15 11 4 1 2 4 0 5 6 7 3
14 12 2 1 2 4 3 5 6 7 0
16 6 10 2 7 0 4 5 1 3 6
15 7 8 2 7 3 4 5 1 0 6
14 8 6 2 7 3 4 5 1 6 0
16 6 10 2 6 1 4 0 5 7 3
16 6 10 2 1 7 4 0 5 6 3
16 10 6 2 1 0 4 5 6 3 7
15 11 4 2 1 3 4 5 6 0 7
14 12 2 2 1 3 4 5 6 7 0
16 6 10 2 7 4 3 5 1 0 6
16 6 10 2 6 4 3 5 7 0 1
16 10 6 2 1 4 3 5 6 0 7
16 4 12 5 2 6 4 0 7 1 3
16 6 10 5 2 7 4 0 1 6 3
15 7 8 5 2 7 4 1 0 6 3
14 8 6 5 2 7 4 1 6 0 3
13 9 4 5 2 7 4 1 6 3 0
15 9 6 5 2 0 4 1 6 7 3
16 8 8 5 2 1 4 0 6 7 3
16 8 8 2 6 1 4 3 5 7 0
16 8 8 2 1 7 4 3 5 6 0
16 6 10 5 2 6 4 3 7 1 0
16 8 8 5 2 7 4 3 1 6 0
16 10 6 5 2 7 0 1 6 3 4
16 10 6 5 2 4 0 1 6 7 3
15 11 4 5 2 4 3 1 6 7 0
16 10 6 5 2 1 4 3 6 7 0
17 1 16 0 7 6 4 2 5 1 3
16 4 12 3 7 6 4 2 5 1 0
17 3 14 2 0 6 4 7 5 1 3
16 4 12 2 6 0 4 7 5 1 3
15 5 10 2 6 1 4 7 5 0 3
14 6 8 2 6 1 4 7 5 3 0
17 3 14 2 7 6 0 4 5 1 3
16 4 12 2 7 6 3 4 5 1 0
17 3 14 2 7 6 0 3 5 1 4
17 3 14 2 7 6 4 3 5 0 1
17 5 12 2 7 0 6 5 1 3 4
16 6 10 2 7 3 6 5 1 0 4
17 7 10 2 7 6 3 5 1 0 4
17 7 10 2 6 4 1 5 7 0 3
16 8 8 2 6 4 1 5 7 3 0
17 7 10 2 6 0 1 5 7 3 4
16 8 8 2 6 3 1 5 7 0 4
17 9 8 2 6 1 3 5 7 0 4
17 9 8 2 1 0 7 5 6 3 4
16 10 6 2 1 3 7 5 6 0 4
17 11 6 2 1 7 3 5 6 0 4
17 5 12 4 2 6 0 5 7 1 3
16 6 10 4 2 6 3 5 7 1 0
17 7 10 3 2 6 0 5 7 1 4
17 7 10 3 2 6 4 5 7 0 1
17 7 10 4 2 7 0 5 1 6 3
16 8 8 4 2 7 3 5 1 6 0
17 9 8 1 0 7 4 5 2 6 3
17 9 8 1 2 7 4 0 5 6 3
17 13 4 1 2 0 4 5 6 3 7
16 14 2 1 2 3 4 5 6 0 7
