0 0 0 2 7 6 4 0 5 1 3
11 1 10 2 7 6 4 5 0 1 3
12 2 10 2 0 6 4 5 7 1 3
11 3 8 0 2 6 4 5 7 1 3
12 2 10 2 7 6 4 5 1 0 3
13 1 12 0 7 6 4 2 5 1 3
13 3 10 2 6 0 4 5 7 1 3
13 3 10 2 7 0 4 5 1 6 3
13 3 10 2 7 6 4 5 1 3 0
14 2 12 2 7 6 4 3 5 1 0
14 4 10 5 2 6 4 0 7 1 3
14 6 8 7 2 6 4 5 0 1 3
14 6 8 3 2 6 4 5 7 1 0
14 2 12 7 0 6 4 2 5 1 3
14 4 10 2 6 1 4 5 7 0 3
13 5 8 2 6 1 4 5 0 7 3
12 6 6 2 0 1 4 5 6 7 3
11 7 4 0 2 1 4 5 6 7 3
13 7 6 2 1 0 4 5 6 7 3
14 4 10 2 0 7 4 5 1 6 3
13 5 8 0 2 7 4 5 1 6 3
14 8 6 5 2 1 4 0 6 7 3
14 10 4 3 2 1 4 5 6 7 0
14 8 6 1 2 7 4 5 0 6 3
13 9 4 1 2 7 4 5 6 0 3
12 10 2 1 2 0 4 5 6 7 3
14 10 4 1 2 7 4 5 6 3 0
15 3 12 2 0 6 4 7 5 1 3
14 4 10 0 2 6 4 7 5 1 3
15 5 10 4 2 6 0 5 7 1 3
15 3 12 2 7 6 4 3 5 0 1
15 5 10 5 2 6 4 7 0 1 3
15 7 8 7 2 6 4 5 1 0 3
15 7 8 3 2 6 4 5 7 0 1
14 8 6 3 2 6 4 5 0 7 1
15 3 12 7 5 6 4 2 0 1 3
15 3 12 7 6 0 4 2 5 1 3
15 5 10 2 6 1 4 5 7 3 0
15 9 6 4 2 1 0 5 6 7 3
15 5 10 2 1 7 4 5 0 6 3
14 6 8 2 1 7 4 5 6 0 3
14 6 8 2 1 7 4 5 6 0 3
15 11 4 1 0 2 4 5 6 7 3
15 11 4 1 2 4 0 5 6 7 3
15 5 10 7 2 6 4 0 5 1 3
15 5 10 7 2 6 4 0 5 1 3
15 7 8 2 1 7 4 5 6 3 0
15 7 8 2 1 7 4 5 6 3 0
16 4 12 5 7 6 4 2 0 1 3
16 4 12 3 7 6 4 2 5 1 0
16 4 12 2 6 4 0 5 7 1 3
16 4 12 2 7 4 0 5 1 6 3
16 4 12 2 7 6 0 5 1 3 4
16 6 10 2 7 0 4 5 1 3 6
15 7 8 2 7 3 4 5 1 0 6
16 6 10 0 7 6 4 5 1 3 2
16 6 10 5 2 6 4 3 7 1 0
16 6 10 2 6 1 4 0 5 7 3
16 10 6 6 2 1 4 5 0 7 3
16 8 8 2 1 4 0 5 6 7 3
16 6 10 5 2 7 4 0 1 6 3
16 8 8 3 2 7 4 5 1 6 0
16 10 6 5 2 1 4 3 6 7 0
16 4 12 2 5 6 4 7 0 1 3
16 4 12 2 6 0 4 7 5 1 3
16 6 10 4 2 6 3 5 7 1 0
16 6 10 4 2 0 6 5 7 1 3
16 4 12 2 7 0 4 3 5 6 1
16 4 12 2 7 6 4 3 0 5 1
16 6 10 5 2 6 4 7 1 0 3
16 8 8 7 2 0 4 5 1 6 3
16 8 8 7 2 6 4 5 1 3 0
16 8 8 3 2 0 4 5 7 6 1
16 4 12 7 5 6 4 0 2 1 3
16 4 12 7 5 6 4 2 1 0 3
16 4 12 7 6 1 4 2 5 0 3
16 4 12 7 6 4 0 2 5 1 3
16 10 6 4 2 1 3 5 6 7 0
16 10 6 4 2 0 1 5 6 7 3
16 12 4 1 2 4 3 5 6 7 0
16 8 8 2 7 3 4 5 0 1 6
16 8 8 2 7 3 4 5 1 6 0
17 3 14 2 7 6 0 4 5 1 3
17 3 14 4 7 6 0 2 5 1 3
16 4 12 4 7 0 6 2 5 1 3
17 5 12 2 7 6 4 0 1 3 5
17 3 14 2 7 6 0 3 5 1 4
17 5 12 2 7 0 4 3 5 1 6
17 5 12 0 7 6 4 3 5 1 2
17 7 10 7 0 6 4 5 2 1 3
17 7 10 3 2 6 0 5 7 1 4
17 9 8 3 2 0 4 5 7 1 6
17 7 10 4 2 7 0 5 1 6 3
17 9 8 5 2 1 4 6 0 7 3
17 11 6 3 2 1 0 5 6 7 4
17 11 6 3 2 1 4 5 6 0 7
17 13 4 3 2 0 4 5 6 7 1
17 9 8 1 0 7 4 5 2 6 3
17 9 8 1 2 7 4 0 5 6 3
17 11 6 1 2 7 0 5 6 3 4
17 13 4 1 2 0 4 5 6 3 7
15 14 1 1 2 3 4 5 6 0 7
