0 0 0 2 7 6 4 0 5 1 3
0 1 10 2 7 6 4 5 0 1 3
0 2 10 2 0 6 4 5 7 1 3
0 3 8 0 2 6 4 5 7 1 3
0 6 8 7 2 6 4 5 0 1 3
0 6 8 3 2 6 4 5 7 1 0
0 7 8 7 2 6 4 5 1 0 3
0 7 8 3 2 6 4 5 7 0 1
0 8 6 3 2 6 4 5 0 7 1
0 9 8 3 2 0 4 5 7 1 6
0 8 8 7 2 0 4 5 1 6 3
0 8 8 7 2 6 4 5 1 3 0
0 8 8 3 2 0 4 5 7 6 1
0 9 8 3 0 6 4 5 2 7 1
0 9 8 3 2 6 4 0 5 7 1
0 10 8 3 2 1 4 5 7 0 6
0 11 6 3 2 1 4 5 0 7 6
0 11 8 7 2 0 4 5 1 3 6
0 12 6 7 2 3 4 5 1 0 6
0 13 6 7 2 3 4 5 0 1 6
0 13 6 7 2 3 4 5 1 6 0
0 16 6 0 2 3 4 5 1 6 7
0 19 2 1 2 3 4 5 0 6 7
0 20 1 1 2 3 4 5 6 0 7
