0 0 0 0 5 1 3 2 6 4 7
13 1 12 2 5 1 3 0 6 4 7
13 1 12 5 0 1 3 2 6 4 7
14 2 12 3 5 1 0 2 6 4 7
14 4 10 2 0 1 3 5 6 4 7
13 5 8 0 2 1 3 5 6 4 7
14 2 12 5 6 1 3 2 0 4 7
14 2 12 5 1 0 3 2 6 4 7
13 3 10 5 1 3 0 2 6 4 7
14 4 10 5 1 3 7 2 6 4 0
14 6 8 5 1 3 4 2 6 0 7
13 7 6 5 1 3 4 2 6 7 0
15 3 12 6 5 1 3 2 0 4 7
15 3 12 7 5 1 3 2 6 4 0
15 3 12 2 5 1 3 7 6 4 0
15 3 12 3 5 1 7 2 6 4 0
15 3 12 3 5 0 1 2 6 4 7
15 5 10 3 5 1 4 2 6 0 7
14 6 8 3 5 1 4 2 6 7 0
15 5 10 2 1 0 3 5 6 4 7
14 6 8 2 1 3 0 5 6 4 7
15 7 8 3 2 1 0 5 6 4 7
15 3 12 5 6 1 3 2 4 0 7
15 3 12 5 1 4 3 2 6 0 7
14 4 10 5 1 4 3 2 6 7 0
15 5 10 0 1 3 5 2 6 4 7
14 6 8 1 0 3 5 2 6 4 7
15 5 10 5 1 3 7 2 6 0 4
15 9 6 5 1 3 4 0 6 7 2
14 10 4 0 1 3 4 5 6 7 2
13 11 2 1 0 3 4 5 6 7 2
15 7 8 2 1 3 7 5 6 4 0
15 9 6 2 1 3 4 5 6 0 7
14 10 4 2 1 3 4 5 6 7 0
14 10 4 2 1 3 4 5 6 7 0
15 5 10 5 1 4 0 2 6 7 3
14 6 8 5 1 0 4 2 6 7 3
14 6 8 5 1 0 4 2 6 7 3
15 7 8 5 0 1 4 2 6 7 3
15 7 8 5 0 1 4 2 6 7 3
16 2 14 2 5 1 3 6 0 4 7
15 3 12 2 5 1 3 6 4 0 7
16 4 12 2 5 1 0 3 6 4 7
16 6 10 5 2 1 3 0 6 4 7
16 8 8 7 2 1 3 5 6 4 0
16 6 10 5 1 3 2 0 6 4 7
15 7 8 0 1 3 2 5 6 4 7
14 8 6 1 0 3 2 5 6 4 7
15 7 8 0 1 3 2 5 6 4 7
16 6 10 5 1 3 7 0 6 4 2
15 7 8 0 1 3 7 5 6 4 2
14 8 6 1 0 3 7 5 6 4 2
15 7 8 0 1 3 7 5 6 4 2
16 8 8 5 1 3 0 2 6 7 4
16 10 6 0 1 3 4 2 6 7 5
15 11 4 1 0 3 4 2 6 7 5
16 4 12 6 0 1 3 2 5 4 7
16 4 12 6 5 1 3 2 4 0 7
16 4 12 7 5 1 0 2 6 4 3
16 4 12 7 5 1 3 2 6 0 4
16 4 12 2 5 1 0 7 6 4 3
16 4 12 2 5 1 3 7 6 0 4
16 4 12 3 5 1 7 2 6 0 4
16 4 12 3 5 4 1 2 6 0 7
15 5 10 3 5 4 1 2 6 7 0
16 4 12 3 0 5 1 2 6 4 7
16 6 10 3 5 0 4 2 6 1 7
16 8 8 3 5 1 4 0 6 7 2
16 6 10 2 1 4 3 5 6 0 7
15 7 8 2 1 4 3 5 6 7 0
16 8 8 3 2 1 7 5 6 4 0
16 8 8 3 2 0 1 5 6 4 7
16 10 6 3 2 1 4 5 6 0 7
15 11 4 3 2 1 4 5 6 7 0
16 4 12 5 6 0 3 2 4 1 7
16 4 12 5 6 1 3 2 4 7 0
16 4 12 5 1 4 3 2 0 6 7
16 6 10 5 1 4 3 0 6 7 2
15 7 8 0 1 4 3 5 6 7 2
14 8 6 1 0 4 3 5 6 7 2
15 7 8 0 1 4 3 5 6 7 2
15 9 6 1 4 0 3 5 6 7 2
14 10 4 1 4 3 0 5 6 7 2
15 11 4 1 4 3 2 5 6 7 0
16 6 10 2 1 3 5 0 6 4 7
16 6 10 2 1 3 5 0 6 4 7
16 12 4 1 6 3 4 5 0 7 2
16 12 4 1 3 0 4 5 6 7 2
16 8 8 2 1 3 7 5 6 0 4
16 8 8 0 5 1 4 2 6 7 3
16 8 8 0 5 1 4 2 6 7 3
16 8 8 0 5 1 4 2 6 7 3
16 4 12 2 5 0 3 6 4 1 7
16 4 12 2 5 1 3 6 4 7 0
16 6 10 3 5 4 0 2 6 7 1
15 7 8 3 5 0 4 2 6 7 1
15 7 8 3 5 0 4 2 6 7 1
16 8 8 2 1 4 0 5 6 7 3
15 9 6 2 1 0 4 5 6 7 3
15 9 6 2 1 0 4 5 6 7 3
16 8 8 3 0 5 4 2 6 7 1
16 8 8 3 0 5 4 2 6 7 1
16 10 6 2 0 1 4 5 6 7 3
15 11 4 0 2 1 4 5 6 7 3
15 11 4 0 2 1 4 5 6 7 3
16 10 6 2 0 1 4 5 6 7 3
17 5 12 3 5 1 2 0 6 4 7
17 5 12 2 6 1 3 5 0 4 7
17 3 14 5 6 1 3 0 2 4 7
16 4 12 0 6 1 3 5 2 4 7
17 7 10 0 1 3 7 2 6 4 5
16 8 8 1 0 3 7 2 6 4 5
17 7 10 5 1 0 4 2 6 3 7
17 7 10 5 1 3 4 2 0 6 7
17 5 12 7 5 1 3 0 6 4 2
17 5 12 3 5 1 7 0 6 4 2
17 7 10 3 5 1 0 2 6 7 4
17 7 10 5 1 0 3 2 6 7 4
17 7 10 0 1 4 3 2 6 7 5
16 8 8 1 0 4 3 2 6 7 5
17 7 10 1 6 3 5 2 0 4 7
17 7 10 1 3 0 5 2 6 4 7
17 11 6 2 1 3 0 5 6 7 4
17 11 6 2 1 3 0 5 6 7 4
17 7 10 0 1 4 5 2 6 7 3
16 8 8 1 0 4 5 2 6 7 3
17 7 10 5 1 7 4 2 6 0 3
17 7 10 5 1 7 4 2 6 0 3
17 3 14 2 0 1 3 6 5 4 7
16 4 12 0 2 1 3 6 5 4 7
17 5 12 2 5 1 7 3 6 4 0
17 5 12 2 5 0 1 3 6 4 7
17 7 10 2 5 1 4 3 6 0 7
16 8 8 2 5 1 4 3 6 7 0
17 9 8 7 2 1 0 5 6 4 3
17 9 8 7 2 1 3 5 6 0 4
17 9 8 1 6 3 2 5 0 4 7
17 9 8 1 3 0 2 5 6 4 7
17 9 8 7 1 3 0 5 6 4 2
17 9 8 1 6 3 7 5 0 4 2
17 9 8 1 3 0 7 5 6 4 2
17 9 8 7 1 3 0 5 6 4 2
17 11 6 2 1 3 4 0 6 7 5
17 11 6 2 1 3 4 0 6 7 5
17 5 12 0 6 1 3 2 5 4 7
17 5 12 6 1 0 3 2 5 4 7
17 5 12 6 5 0 3 2 4 1 7
17 5 12 6 5 1 3 2 4 7 0
17 5 12 7 5 0 1 2 6 4 3
17 7 10 7 5 1 4 2 6 0 3
17 5 12 7 5 0 3 2 6 1 4
16 6 10 7 5 3 0 2 6 1 4
15 7 8 7 5 3 4 2 6 1 0
16 8 8 7 5 3 4 2 6 0 1
17 5 12 2 5 0 1 7 6 4 3
17 7 10 2 5 1 4 7 6 0 3
17 5 12 2 5 0 3 7 6 1 4
16 6 10 2 5 3 0 7 6 1 4
15 7 8 2 5 3 4 7 6 1 0
16 8 8 2 5 3 4 7 6 0 1
17 5 12 3 5 0 7 2 6 1 4
17 5 12 3 5 4 1 2 0 6 7
17 7 10 3 5 4 1 0 6 7 2
17 5 12 3 6 5 1 2 0 4 7
17 5 12 0 3 5 1 2 6 4 7
17 7 10 3 0 5 4 2 6 1 7
17 9 8 0 5 1 4 3 6 7 2
17 11 6 3 0 1 4 5 6 7 2
17 9 8 3 2 1 7 5 6 0 4
17 9 8 3 2 4 1 5 6 0 7
16 10 6 3 2 4 1 5 6 7 0
17 11 6 3 2 0 4 5 6 1 7
17 5 12 5 0 6 3 2 4 1 7
17 5 12 5 6 3 0 2 4 1 7
17 5 12 5 6 1 0 2 4 7 3
17 5 12 5 0 4 3 2 1 6 7
17 5 12 5 1 4 3 0 2 6 7
17 9 8 3 1 4 0 5 6 7 2
16 10 6 3 1 0 4 5 6 7 2
16 10 6 3 1 0 4 5 6 7 2
17 9 8 1 6 4 3 5 0 7 2
17 9 8 3 1 4 0 5 6 7 2
17 9 8 2 5 1 4 0 6 7 3
17 9 8 2 5 1 4 0 6 7 3
17 9 8 2 5 1 4 0 6 7 3
17 5 12 2 0 5 3 6 4 1 7
17 5 12 2 5 3 0 6 4 1 7
17 5 12 2 5 1 0 6 4 7 3
17 9 8 0 3 5 4 2 6 7 1
17 9 8 0 3 5 4 2 6 7 1
17 5 12 6 0 1 3 5 2 4 7
16 6 10 6 2 1 3 5 0 4 7
16 6 10 6 2 1 3 5 0 4 7
17 9 8 1 4 0 3 2 6 7 5
16 10 6 1 4 3 0 2 6 7 5
17 9 8 1 4 0 5 2 6 7 3
17 5 12 6 2 1 3 0 5 4 7
17 9 8 7 5 3 4 0 6 1 2
17 9 8 2 5 3 4 0 6 1 7
17 7 10 1 3 5 0 2 6 4 7
17 7 10 1 3 5 0 2 6 4 7
17 11 6 3 2 4 0 5 6 7 1
16 12 4 3 2 0 4 5 6 7 1
16 12 4 3 2 0 4 5 6 7 1
17 7 10 6 2 1 3 5 4 0 7
16 8 8 6 2 1 3 5 4 7 0
17 7 10 6 2 1 3 5 4 0 7
17 11 6 1 4 3 5 2 6 7 0
17 9 8 6 2 1 0 5 4 7 3
18 4 14 6 5 1 3 0 2 4 7
18 6 12 7 5 0 3 2 6 4 1
17 7 10 7 5 3 0 2 6 4 1
18 6 12 2 5 0 3 7 6 4 1
17 7 10 2 5 3 0 7 6 4 1
18 6 12 0 5 1 3 7 6 4 2
18 6 12 3 5 0 7 2 6 4 1
18 6 12 0 5 1 7 2 6 4 3
18 6 12 3 5 1 4 2 0 6 7
18 8 10 7 1 3 5 2 6 4 0
18 6 12 5 1 0 7 2 6 3 4
18 6 12 5 1 3 7 2 0 6 4
18 10 8 5 1 3 4 6 0 7 2
18 12 6 5 0 3 4 1 6 7 2
18 12 6 4 1 3 0 5 6 7 2
18 10 8 2 1 0 4 5 6 3 7
18 10 8 2 1 3 4 5 0 6 7
18 12 6 2 1 3 4 0 6 7 5
18 8 10 5 1 4 2 0 6 7 3
17 9 8 0 1 4 2 5 6 7 3
16 10 6 1 0 4 2 5 6 7 3
17 9 8 0 1 4 2 5 6 7 3
17 11 6 1 4 0 2 5 6 7 3
17 11 6 1 4 0 2 5 6 7 3
18 8 10 5 6 1 4 2 0 7 3
18 8 10 5 6 1 4 2 0 7 3
18 6 12 0 5 1 2 3 6 4 7
18 8 10 5 2 1 3 7 6 4 0
18 8 10 5 1 3 2 7 6 4 0
18 10 8 7 1 3 2 5 6 4 0
18 10 8 7 1 3 2 5 6 4 0
18 10 8 0 1 3 5 2 6 7 4
17 11 6 1 0 3 5 2 6 7 4
18 12 6 1 6 3 4 2 0 7 5
18 12 6 1 3 0 4 2 6 7 5
18 6 12 0 5 1 7 2 6 4 3
18 6 12 0 5 1 2 7 6 4 3
18 8 10 3 5 0 1 2 6 7 4
18 8 10 0 5 4 1 2 6 7 3
18 10 8 2 1 0 3 5 6 7 4
18 12 6 3 2 1 0 5 6 7 4
18 6 12 5 6 1 3 0 4 7 2
17 7 10 0 6 1 3 5 4 7 2
18 10 8 1 4 7 3 5 6 0 2
18 12 6 0 4 3 1 5 6 7 2
18 12 6 1 4 3 2 5 6 0 7
18 8 10 2 1 3 5 7 6 4 0
18 8 10 2 1 3 5 7 6 4 0
18 6 12 2 5 1 3 0 4 7 6
18 8 10 0 5 4 3 2 6 7 1
18 8 10 3 5 7 4 2 6 0 1
18 8 10 3 5 7 4 2 6 0 1
18 10 8 2 1 7 4 5 6 0 3
18 10 8 2 1 7 4 5 6 0 3
18 12 6 5 2 1 4 0 6 7 3
18 12 6 5 2 1 4 0 6 7 3
18 6 12 0 5 1 2 3 6 4 7
18 8 10 3 0 1 2 5 6 4 7
18 6 12 2 6 1 3 5 4 0 7
17 7 10 2 6 1 3 5 4 7 0
17 7 10 2 6 1 3 5 4 7 0
18 6 12 3 6 1 0 5 2 4 7
18 8 10 2 1 3 7 0 6 4 5
18 8 10 2 1 3 7 0 6 4 5
18 8 10 5 0 1 4 2 6 3 7
18 8 10 5 0 3 4 2 1 6 7
18 8 10 5 1 3 4 0 2 6 7
17 9 8 0 1 3 4 5 2 6 7
16 10 6 1 0 3 4 5 2 6 7
13 11 2 1 2 3 4 5 0 6 7
13 12 1 1 2 3 4 5 6 0 7
