0 0 0 0 5 1 3 2 6 4 7
0 1 12 2 5 1 3 0 6 4 7
0 4 10 2 0 1 3 5 6 4 7
0 5 8 0 2 1 3 5 6 4 7
0 7 8 3 2 1 0 5 6 4 7
0 10 6 3 2 1 4 5 6 0 7
0 11 4 3 2 1 4 5 6 7 0
0 14 4 3 2 0 4 5 6 7 1
0 14 4 0 2 1 4 5 6 7 3
0 11 6 3 2 0 4 5 6 1 7
0 12 6 3 2 1 0 5 6 7 4
0 13 6 3 2 1 4 0 6 7 5
0 15 6 3 2 7 4 5 6 0 1
0 15 6 3 0 2 4 5 6 7 1
0 15 6 3 2 4 0 5 6 7 1
0 15 6 5 2 1 4 0 6 7 3
0 15 6 2 0 1 4 5 6 7 3
0 16 6 4 2 1 0 5 6 7 3
0 17 6 6 2 1 4 5 0 7 3
0 13 6 3 2 0 1 5 6 7 4
0 14 6 0 2 1 3 5 6 7 4
0 14 6 0 2 1 4 3 6 7 5
0 16 6 3 2 7 4 5 6 1 0
0 16 6 0 3 2 4 5 6 7 1
0 19 4 1 3 2 4 5 6 7 0
0 22 4 1 3 0 4 5 6 7 2
0 23 2 1 0 3 4 5 6 7 2
0 24 4 1 6 3 4 5 0 7 2
0 24 4 0 1 3 4 5 6 7 2
0 27 4 2 1 3 4 5 6 7 0
0 16 6 3 2 4 1 5 6 7 0
0 17 6 0 2 4 3 5 6 7 1
0 20 4 1 2 4 3 5 6 7 0
0 21 4 1 2 4 0 5 6 7 3
0 22 2 1 2 0 4 5 6 7 3
0 23 4 1 2 0 3 5 6 7 4
0 24 2 1 2 3 0 5 6 7 4
