0 0 0 4 0 2 1 5 3 6 7
0 1 12 4 3 2 1 5 0 6 7
0 2 10 4 3 2 1 5 6 0 7
0 3 8 4 3 2 1 5 6 7 0
0 4 10 4 3 2 0 5 6 7 1
0 6 10 0 3 2 1 5 6 7 4
0 8 4 1 3 2 0 5 6 7 4
0 9 2 1 3 2 4 5 6 7 0
0 10 4 1 3 2 4 5 6 0 7
0 9 6 1 3 0 2 5 6 7 4
0 11 6 1 3 2 7 5 6 0 4
0 12 6 1 3 0 4 5 6 7 2
0 11 6 1 3 0 4 5 6 2 7
0 11 6 1 3 2 4 5 0 6 7
0 10 6 1 3 7 2 5 6 0 4
0 10 6 1 0 3 2 5 6 7 4
0 12 6 1 3 2 7 5 6 4 0
0 13 6 1 3 7 4 5 6 0 2
0 14 4 1 3 7 4 5 6 2 0
0 13 6 1 0 3 4 5 6 7 2
0 13 6 1 3 4 0 5 6 7 2
0 14 4 1 3 4 2 5 6 7 0
0 12 6 1 0 3 4 5 6 2 7
0 12 6 1 3 4 0 5 6 2 7
0 11 6 1 3 7 2 5 6 4 0
0 11 6 1 6 3 2 5 0 7 4
0 13 6 1 3 2 0 5 6 4 7
0 15 6 1 3 7 0 5 6 2 4
0 14 6 1 6 3 4 5 0 7 2
0 15 6 1 3 4 2 5 6 0 7
0 13 6 1 6 3 4 5 0 2 7
0 14 4 1 6 3 4 5 2 0 7
0 15 2 1 6 3 4 5 2 7 0
0 16 4 1 6 3 0 5 2 7 4
0 13 6 1 3 4 7 5 6 2 0
0 15 6 1 3 4 2 5 6 0 7
0 12 6 1 6 3 2 5 7 0 4
0 15 6 1 6 3 4 5 7 0 2
0 16 4 1 6 3 4 5 7 2 0
0 15 6 1 6 0 4 5 2 3 7
0 18 6 1 6 0 4 5 2 7 3
0 17 6 1 6 0 3 5 2 7 4
0 19 6 1 6 3 7 5 2 0 4
0 13 6 1 6 3 2 5 7 4 0
0 17 6 1 6 3 0 5 7 2 4
0 16 6 1 6 4 0 5 2 3 7
0 19 6 1 6 7 4 5 2 0 3
0 20 4 1 6 7 4 5 2 3 0
0 19 6 1 6 4 0 5 2 7 3
0 20 4 1 6 4 3 5 2 7 0
0 18 6 1 6 7 3 5 2 0 4
0 20 6 1 6 3 7 5 2 4 0
0 17 6 1 6 4 7 5 2 3 0
0 19 6 1 6 4 3 5 2 0 7
0 21 6 1 6 7 0 5 2 3 4
0 21 6 1 6 4 3 5 2 0 7
0 19 6 1 6 7 3 5 2 4 0
0 21 6 1 6 3 0 5 2 4 7
0 11 8 1 3 2 4 0 6 7 5
0 12 8 1 3 0 7 5 6 2 4
0 12 8 1 3 2 7 5 0 6 4
0 12 8 1 0 2 4 5 3 6 7
0 13 6 1 2 0 4 5 3 6 7
0 14 6 1 2 6 4 5 3 0 7
0 15 4 1 2 6 4 5 3 7 0
0 14 6 1 2 4 0 5 3 6 7
0 15 6 1 2 6 4 5 0 3 7
0 16 6 1 2 6 0 5 3 7 4
0 18 6 1 2 0 4 5 3 7 6
0 15 6 1 2 4 7 5 3 6 0
0 19 6 1 2 7 4 5 3 0 6
0 20 4 1 2 7 4 5 3 6 0
0 19 6 1 2 4 0 5 3 7 6
0 20 6 1 2 7 4 5 0 3 6
0 21 6 1 2 7 0 5 3 6 4
0 20 6 1 2 4 6 5 3 7 0
0 12 8 1 3 2 4 0 5 6 7
0 14 6 1 3 2 4 7 5 6 0
0 11 8 1 3 7 2 5 0 6 4
0 11 8 0 1 3 2 5 6 7 4
0 13 4 2 1 3 0 5 6 7 4
0 14 2 2 1 3 4 5 6 7 0
0 15 4 2 1 3 4 5 6 0 7
0 14 6 4 1 3 2 5 6 7 0
0 14 6 2 1 0 3 5 6 7 4
0 16 6 2 1 3 7 5 6 0 4
0 17 6 2 1 0 4 5 6 7 3
0 16 6 2 1 0 4 5 6 3 7
0 16 6 2 1 3 4 5 0 6 7
0 15 6 2 1 7 3 5 6 0 4
0 17 6 2 1 3 7 5 6 4 0
0 18 6 2 1 7 4 5 6 0 3
0 19 4 2 1 7 4 5 6 3 0
0 18 6 2 1 4 0 5 6 7 3
0 19 4 2 1 4 3 5 6 7 0
0 17 6 2 1 4 0 5 6 3 7
0 16 6 2 1 7 3 5 6 4 0
0 18 6 2 1 3 0 5 6 4 7
0 20 6 2 1 7 0 5 6 3 4
0 20 6 2 1 4 3 5 6 0 7
0 18 6 2 1 4 7 5 6 3 0
0 20 6 2 1 4 3 5 6 0 7
0 14 8 1 3 7 4 5 0 6 2
0 14 8 0 1 3 4 5 6 7 2
0 16 8 1 3 4 7 5 6 0 2
0 13 8 0 1 3 4 5 6 2 7
0 16 6 7 1 3 4 5 6 2 0
0 12 8 1 3 7 0 5 6 4 2
0 14 8 1 3 0 2 5 6 4 7
0 12 8 1 6 3 2 0 5 7 4
0 15 6 1 6 3 0 2 5 7 4
0 16 4 1 6 3 4 2 5 7 0
0 17 6 1 6 3 4 2 5 0 7
0 14 8 1 3 0 2 5 6 4 7
0 16 8 1 3 0 7 5 6 2 4
0 15 8 1 6 3 4 0 5 7 2
0 16 8 1 3 0 2 5 6 4 7
0 16 8 1 3 4 2 5 0 6 7
0 14 8 1 6 3 4 0 5 2 7
0 16 6 1 6 3 4 7 5 2 0
0 17 8 1 6 3 4 0 2 7 5
0 14 8 1 3 4 7 5 6 0 2
0 16 8 1 3 0 7 5 6 2 4
0 16 8 1 3 0 2 5 6 4 7
0 16 8 1 3 4 2 5 0 6 7
0 13 8 1 6 0 2 5 7 3 4
0 14 6 1 6 2 0 5 7 3 4
0 15 4 1 6 2 4 5 7 3 0
0 17 6 1 6 2 3 5 7 0 4
0 16 6 1 6 2 4 5 7 0 3
0 18 6 1 6 2 3 5 0 7 4
0 18 6 1 6 2 3 5 7 4 0
0 17 6 1 6 2 4 5 0 7 3
0 19 6 1 0 2 3 5 6 7 4
0 20 4 1 2 0 3 5 6 7 4
0 21 2 1 2 3 0 5 6 7 4
