0 0 0 4 0 2 1 5 3 6 7
0 1 10 4 2 0 1 5 3 6 7
0 2 10 4 2 6 1 5 3 0 7
0 3 8 4 2 6 1 5 3 7 0
0 4 8 4 2 6 0 5 3 7 1
0 6 6 0 2 6 4 5 3 7 1
0 9 4 1 2 6 4 5 3 7 0
0 12 4 1 2 0 4 5 3 7 6
0 9 6 3 2 6 4 5 0 7 1
0 10 6 1 2 6 0 5 3 7 4
0 10 6 1 2 6 4 5 3 0 7
0 11 6 1 2 6 4 0 3 7 5
0 13 6 1 2 7 4 5 3 0 6
0 13 6 1 0 2 4 5 3 7 6
0 13 6 1 2 4 0 5 3 7 6
0 11 6 1 2 0 6 5 3 7 4
0 11 6 1 2 0 4 5 3 6 7
0 11 6 1 2 6 4 5 0 3 7
0 12 6 1 2 6 4 3 0 7 5
0 14 6 1 2 7 4 5 0 3 6
0 14 6 1 2 7 4 5 3 6 0
0 14 6 1 3 2 4 5 0 7 6
0 14 6 1 2 4 6 5 3 7 0
0 6 8 4 2 0 1 5 3 7 6
0 6 8 0 2 6 1 5 3 7 4
0 5 8 4 2 0 6 5 3 7 1
0 7 8 5 2 6 4 0 3 7 1
0 7 8 2 0 6 4 5 3 7 1
0 10 8 3 0 6 4 5 2 7 1
0 10 8 3 2 6 4 0 5 7 1
0 10 8 3 2 6 4 5 7 0 1
0 12 8 0 2 6 1 5 3 7 4
0 13 8 1 2 6 7 5 3 0 4
0 13 8 1 2 6 5 0 3 7 4
0 12 8 0 2 6 4 1 3 7 5
0 14 8 1 0 6 4 2 3 7 5
0 14 8 1 2 6 0 4 3 7 5
0 14 8 0 1 2 4 5 3 7 6
0 15 8 0 2 4 1 5 3 7 6
0 16 8 1 2 4 7 5 3 0 6
0 16 8 1 2 4 5 0 3 7 6
0 12 8 1 2 7 6 5 3 0 4
0 12 8 1 0 2 6 5 3 7 4
0 12 8 1 0 2 4 5 3 6 7
0 12 8 1 2 4 0 5 3 6 7
0 12 8 1 0 6 4 5 2 3 7
0 12 8 1 2 6 4 0 5 3 7
0 13 8 1 0 6 4 3 2 7 5
0 13 8 1 2 6 4 3 7 0 5
0 15 8 1 0 7 4 5 2 3 6
0 15 8 1 2 7 4 0 5 3 6
0 15 8 1 2 7 0 5 3 6 4
0 16 8 1 2 7 4 0 3 6 5
0 17 8 0 2 7 4 5 3 6 1
0 15 8 1 3 2 4 0 5 7 6
0 15 8 1 3 2 4 5 7 0 6
0 15 8 1 2 4 6 5 3 0 7
0 16 8 1 2 4 6 0 3 7 5
0 17 8 0 2 4 6 5 3 7 1
0 7 8 4 2 1 0 5 3 7 6
0 9 6 0 2 1 4 5 3 7 6
0 12 6 3 2 1 4 5 0 7 6
0 12 6 6 2 1 4 5 3 7 0
0 15 6 6 2 0 4 5 3 7 1
0 9 8 3 2 6 1 5 0 7 4
0 8 8 5 2 6 4 3 0 7 1
0 9 8 5 2 6 4 1 3 7 0
0 8 8 2 3 6 4 5 0 7 1
0 8 8 2 6 0 4 5 3 7 1
0 11 8 0 3 6 4 5 2 7 1
0 14 6 1 3 6 4 5 2 7 0
0 17 6 1 3 0 4 5 2 7 6
0 18 4 1 0 3 4 5 2 7 6
0 19 2 1 2 3 4 5 0 7 6
0 20 4 1 2 3 4 0 5 7 6
0 20 4 1 2 3 4 5 7 0 6
0 22 4 1 2 3 4 6 5 7 0
0 21 4 1 2 3 4 5 7 6 0
0 19 6 0 1 3 4 5 2 7 6
0 21 6 0 2 3 4 1 5 7 6
0 23 6 1 0 3 4 2 5 7 6
0 23 6 1 2 3 0 4 5 7 6
0 21 6 1 2 0 4 5 7 3 6
0 23 6 1 2 3 0 6 5 7 4
0 23 6 1 2 3 4 6 5 0 7
0 25 6 1 2 0 4 6 5 7 3
0 25 6 0 2 3 4 6 5 7 1
0 22 6 1 2 3 0 5 7 6 4
0 23 6 1 2 3 4 0 7 6 5
0 24 6 1 2 0 4 5 7 6 3
0 24 6 0 2 3 4 5 7 6 1
0 22 6 2 1 3 4 5 0 7 6
0 22 6 6 1 3 4 5 2 7 0
0 24 6 5 2 3 4 1 0 7 6
0 24 6 6 2 3 4 1 5 7 0
0 24 6 1 5 3 4 2 0 7 6
0 24 6 1 2 3 6 4 5 7 0
0 26 6 1 2 3 6 0 5 7 4
0 27 4 1 2 3 6 5 0 7 4
0 24 6 1 2 3 4 6 0 5 7
0 25 4 1 2 3 4 0 6 5 7
0 27 4 1 2 3 4 7 6 5 0
0 28 4 1 2 3 4 7 6 0 5
0 26 6 6 2 3 4 0 5 7 1
0 27 4 6 2 3 4 5 0 7 1
0 28 6 5 2 3 4 6 0 7 1
0 29 4 5 2 3 4 0 6 7 1
0 30 2 0 2 3 4 5 6 7 1
