0 0 0 1 5 4 6 0 3 7 2
0 3 8 1 0 4 6 5 3 7 2
0 4 8 1 3 4 6 5 0 7 2
0 4 8 1 4 0 6 5 3 7 2
0 5 8 1 4 6 0 5 3 7 2
0 6 8 1 4 6 2 5 3 7 0
0 9 8 1 4 0 2 5 3 7 6
0 10 8 1 0 4 2 5 3 7 6
0 10 8 1 4 2 0 5 3 7 6
0 11 8 1 3 4 2 5 0 7 6
0 11 8 1 4 2 6 5 3 7 0
0 1 10 1 5 4 6 3 0 7 2
0 2 10 1 5 4 6 2 3 7 0
0 3 10 1 5 4 0 6 3 7 2
0 4 8 1 5 0 4 6 3 7 2
0 5 8 1 0 5 4 6 3 7 2
0 6 8 1 3 5 4 6 0 7 2
0 7 6 1 3 5 4 0 6 7 2
0 9 6 1 3 5 4 2 6 7 0
0 10 6 1 0 5 4 3 6 7 2
0 12 6 1 3 0 4 2 6 7 5
0 13 4 1 0 3 4 2 6 7 5
0 11 6 1 5 0 4 3 6 7 2
0 14 6 1 6 3 4 2 0 7 5
0 14 6 0 1 3 4 2 6 7 5
0 15 6 1 6 3 4 0 2 7 5
0 17 4 1 6 3 4 5 2 7 0
0 15 6 2 1 3 4 0 6 7 5
0 17 4 2 1 3 4 5 6 7 0
0 20 4 0 1 3 4 5 6 7 2
0 21 2 1 0 3 4 5 6 7 2
0 22 4 1 6 3 4 5 0 7 2
0 22 4 1 3 0 4 5 6 7 2
0 17 6 5 1 3 4 2 6 7 0
0 18 6 1 0 3 4 6 2 7 5
0 19 4 1 2 3 4 6 0 7 5
0 20 2 1 2 3 4 0 6 7 5
