0 0 0 3 5 0 6 1 7 4 2
13 1 12 3 5 6 0 1 7 4 2
14 2 12 3 5 6 2 1 7 4 0
15 1 14 3 5 4 6 1 7 0 2
14 2 12 3 5 4 6 1 7 2 0
15 1 14 3 0 5 6 1 7 4 2
14 2 12 3 7 5 6 1 0 4 2
13 3 10 3 7 5 6 1 4 0 2
12 4 8 3 7 5 6 1 4 2 0
13 5 8 3 7 5 0 1 4 2 6
15 3 12 3 5 6 2 1 7 0 4
15 3 12 3 5 4 0 1 7 2 6
16 4 12 3 5 6 4 1 7 0 2
15 5 10 3 5 6 4 1 7 2 0
16 2 14 3 5 4 6 1 0 7 2
16 2 14 0 3 5 6 1 7 4 2
13 5 8 2 3 5 6 1 7 4 0
14 6 8 2 3 5 0 1 7 4 6
15 3 12 1 3 5 6 0 7 4 2
11 5 6 1 3 5 6 2 7 4 0
12 6 6 1 3 5 0 2 7 4 6
14 6 8 1 3 5 6 2 7 0 4
15 7 8 1 3 0 5 2 7 4 6
15 7 8 1 3 5 6 2 0 7 4
16 4 12 3 7 0 6 1 4 5 2
15 5 10 3 7 6 0 1 4 5 2
16 6 10 3 7 0 5 1 4 2 6
16 4 12 3 5 0 2 1 7 6 4
15 5 10 3 5 2 0 1 7 6 4
14 6 8 3 5 2 4 1 7 6 0
16 4 12 3 5 6 2 1 0 7 4
16 4 12 3 5 0 4 1 7 2 6
15 5 10 3 5 2 4 1 7 0 6
15 5 10 3 5 2 4 1 7 0 6
16 4 12 6 3 5 0 1 7 4 2
16 6 10 2 3 5 6 1 7 0 4
16 4 12 1 3 5 6 7 0 4 2
15 5 10 1 3 5 6 7 4 0 2
14 6 8 1 3 5 6 7 4 2 0
15 7 8 1 3 5 0 7 4 2 6
16 6 10 1 3 5 0 6 7 4 2
16 8 8 1 3 4 5 2 7 0 6
15 9 6 1 3 4 5 2 7 6 0
16 6 10 3 7 6 2 1 4 5 0
16 6 10 3 5 2 4 1 0 7 6
16 6 10 3 5 2 4 1 0 7 6
16 8 8 1 3 5 6 0 4 2 7
16 10 6 1 3 5 7 0 4 2 6
16 12 4 1 3 5 7 6 4 2 0
17 3 14 3 7 5 6 0 1 4 2
13 5 8 3 7 5 6 2 1 4 0
14 6 8 3 7 5 0 2 1 4 6
16 6 10 3 7 5 6 2 1 0 4
17 5 12 3 5 0 4 1 7 6 2
17 5 12 3 5 6 4 1 0 7 2
17 3 14 3 0 4 6 1 5 7 2
17 5 12 7 3 5 6 1 0 4 2
16 6 10 7 3 5 6 1 4 0 2
15 7 8 7 3 5 6 1 4 2 0
16 8 8 7 3 5 0 1 4 2 6
17 7 10 2 3 0 5 1 7 4 6
17 9 8 1 3 5 4 2 7 0 6
16 10 6 1 3 5 4 2 7 6 0
17 7 10 1 3 0 6 2 7 5 4
16 8 8 1 3 6 0 2 7 5 4
17 5 12 3 0 7 6 1 4 5 2
17 7 10 3 7 2 5 1 4 0 6
16 8 8 3 7 2 5 1 4 6 0
17 7 10 3 0 7 5 1 4 2 6
17 5 12 3 0 6 2 1 5 7 4
16 6 10 3 6 0 2 1 5 7 4
15 7 8 3 6 2 0 1 5 7 4
14 8 6 3 6 2 4 1 5 7 0
17 5 12 6 3 5 2 1 7 4 0
17 7 10 2 3 5 6 1 0 7 4
17 7 10 1 3 5 2 6 7 4 0
17 9 8 1 3 4 5 2 0 7 6
17 7 10 3 0 2 4 1 5 7 6
16 8 8 3 2 0 4 1 5 7 6
17 7 10 3 0 2 4 1 5 7 6
17 9 8 1 3 5 6 4 0 2 7
16 10 6 1 3 5 6 4 2 0 7
17 11 6 1 3 5 0 6 4 2 7
17 11 6 1 3 5 7 4 0 2 6
16 12 4 1 3 5 7 4 2 0 6
15 13 2 1 3 5 7 4 2 6 0
17 7 10 3 7 0 5 2 1 4 6
17 11 6 1 3 5 0 2 7 6 4
17 9 8 1 3 6 4 2 7 5 0
17 7 10 3 6 7 2 1 5 0 4
17 9 8 3 6 2 4 1 5 0 7
17 9 8 3 2 7 4 1 5 0 6
16 10 6 3 2 7 4 1 5 6 0
17 9 8 3 2 4 0 1 5 7 6
17 11 6 1 3 5 6 4 2 7 0
18 8 10 3 7 5 2 1 4 0 6
17 9 8 3 7 5 2 1 4 6 0
18 6 12 3 5 4 2 1 7 0 6
17 7 10 3 5 4 2 1 7 6 0
18 6 12 3 5 6 0 1 7 2 4
18 8 10 1 3 0 6 2 7 4 5
17 9 8 1 3 6 0 2 7 4 5
16 10 6 1 3 6 5 2 7 4 0
18 8 10 1 0 3 5 2 7 4 6
17 9 8 1 7 3 5 2 0 4 6
16 10 6 1 7 3 5 2 4 0 6
15 11 4 1 7 3 5 2 4 6 0
18 8 10 1 0 5 6 2 3 7 4
18 8 10 1 3 5 6 0 2 7 4
16 10 6 1 3 5 6 4 2 7 0
17 11 6 1 3 5 0 4 2 7 6
17 11 6 1 3 5 0 4 2 7 6
18 8 10 3 7 6 5 1 4 0 2
17 9 8 3 7 6 5 1 4 2 0
18 6 12 1 3 0 6 7 4 5 2
17 7 10 1 3 6 0 7 4 5 2
18 8 10 1 3 0 5 7 4 2 6
18 10 8 1 3 4 0 2 7 6 5
18 6 12 3 7 5 0 6 1 4 2
18 6 12 3 5 4 0 1 7 6 2
18 6 12 3 0 6 4 1 5 7 2
17 7 10 3 6 0 4 1 5 7 2
17 7 10 3 6 0 4 1 5 7 2
18 4 14 0 3 4 6 1 5 7 2
15 7 8 2 3 4 6 1 5 7 0
16 6 10 6 3 4 0 1 5 7 2
15 7 8 6 3 4 2 1 5 7 0
16 8 8 2 3 4 0 1 5 7 6
17 5 12 1 3 4 6 0 5 7 2
15 7 8 1 3 4 6 2 5 7 0
16 6 10 1 3 4 6 5 0 7 2
16 8 8 1 3 4 0 6 5 7 2
15 9 6 1 3 4 2 6 5 7 0
16 8 8 1 3 4 0 2 5 7 6
16 8 8 1 3 4 6 2 5 0 7
17 7 10 6 3 0 4 1 5 7 2
17 9 8 2 3 0 4 1 5 7 6
17 7 10 1 3 4 6 5 7 0 2
16 8 8 1 3 4 6 5 7 2 0
17 9 8 1 3 0 4 6 5 7 2
17 9 8 1 3 0 4 2 5 7 6
17 11 6 1 3 4 7 2 5 0 6
16 12 4 1 3 4 7 2 5 6 0
17 9 8 1 3 0 6 2 5 4 7
16 10 6 1 3 6 0 2 5 4 7
15 11 4 1 3 6 7 2 5 4 0
17 9 8 1 3 4 6 2 0 5 7
17 9 8 1 3 4 0 5 7 2 6
18 4 14 3 4 0 6 1 5 7 2
17 5 12 3 4 7 6 1 5 0 2
16 6 10 3 4 7 6 1 5 2 0
17 5 12 3 4 6 0 1 5 7 2
16 6 10 3 4 6 2 1 5 7 0
17 7 10 3 4 7 0 1 5 2 6
18 10 8 0 3 5 7 1 4 2 6
18 10 8 0 3 5 7 1 4 2 6
18 8 10 2 3 4 5 1 7 0 6
17 9 8 2 3 4 5 1 7 6 0
18 10 8 1 3 5 4 2 0 7 6
18 6 12 3 4 7 6 1 0 5 2
18 6 12 0 3 7 6 1 4 5 2
15 9 6 2 3 7 6 1 4 5 0
16 10 6 2 3 7 0 1 4 5 6
17 7 10 1 3 7 6 0 4 5 2
13 9 4 1 3 7 6 2 4 5 0
14 10 4 1 3 7 0 2 4 5 6
15 11 4 1 3 0 7 2 4 5 6
14 12 2 1 3 5 7 2 4 0 6
