0 0 0 3 5 0 6 1 7 4 2
0 1 12 3 0 5 6 1 7 4 2
0 2 12 3 7 5 6 1 0 4 2
0 2 12 0 3 5 6 1 7 4 2
0 3 12 3 7 5 6 0 1 4 2
0 3 12 3 7 5 6 1 4 0 2
0 3 12 1 3 5 6 0 7 4 2
0 5 12 7 3 5 6 1 0 4 2
0 5 12 2 3 5 6 1 7 4 0
0 4 12 0 7 5 6 3 1 4 2
0 5 12 3 7 5 6 2 1 4 0
0 6 12 3 0 5 6 7 1 4 2
0 4 12 3 7 0 6 1 4 5 2
0 4 12 3 7 5 6 1 4 2 0
0 4 12 1 3 5 6 7 0 4 2
0 5 10 1 0 5 6 7 3 4 2
0 6 10 1 5 0 6 7 3 4 2
0 7 10 1 5 6 0 7 3 4 2
0 8 10 1 5 6 2 7 3 4 0
0 10 10 1 5 6 4 7 3 0 2
0 10 10 1 5 6 7 0 3 4 2
0 10 10 1 5 6 2 0 3 4 7
0 11 10 1 5 0 2 7 3 4 6
0 11 10 1 5 0 4 7 3 6 2
0 11 10 1 5 6 4 7 0 3 2
0 11 10 1 5 6 4 7 3 2 0
0 12 10 1 5 6 7 2 3 4 0
0 13 10 1 0 6 7 5 3 4 2
0 13 10 1 0 6 2 5 3 4 7
0 13 10 1 5 6 0 2 3 4 7
0 12 10 1 5 4 2 7 3 0 6
0 12 10 1 0 5 2 7 3 4 6
0 12 10 1 5 2 0 7 3 4 6
0 12 10 1 0 5 4 7 3 6 2
0 12 10 1 0 6 4 7 5 3 2
0 12 10 1 5 6 4 0 7 3 2
0 15 8 1 0 6 4 5 7 3 2
0 16 8 1 7 6 4 5 0 3 2
0 16 8 1 6 0 4 5 7 3 2
0 17 6 1 6 3 4 5 7 0 2
0 18 4 1 6 3 4 5 0 7 2
0 19 2 1 0 3 4 5 6 7 2
0 20 4 0 1 3 4 5 6 7 2
0 20 4 1 3 0 4 5 6 7 2
0 23 4 2 1 3 4 5 6 7 0
0 18 6 1 6 3 4 5 7 2 0
0 19 6 1 6 3 4 0 5 7 2
0 21 6 5 1 3 4 0 6 7 2
0 22 6 4 1 3 0 5 6 7 2
0 23 6 6 1 3 4 5 0 7 2
0 21 6 1 3 7 4 5 6 0 2
0 21 6 1 3 4 0 5 6 7 2
0 24 6 2 1 3 0 5 6 7 4
0 24 6 2 1 3 4 5 6 0 7
0 25 6 2 1 3 4 0 6 7 5
0 26 6 2 1 0 4 5 6 7 3
0 21 6 1 6 3 4 2 5 7 0
0 22 6 1 0 3 4 6 5 7 2
0 23 6 5 1 3 4 2 6 7 0
0 24 6 5 0 3 4 1 6 7 2
0 23 6 4 1 3 2 5 6 7 0
0 24 6 6 0 3 4 5 1 7 2
0 22 6 1 3 7 4 5 6 2 0
0 22 6 1 3 4 2 5 6 7 0
0 26 6 0 1 3 2 5 6 7 4
0 27 4 1 0 3 2 5 6 7 4
0 26 6 0 1 3 4 2 6 7 5
0 27 4 1 0 3 4 2 6 7 5
0 28 6 2 0 3 4 1 6 7 5
0 29 4 0 2 3 4 1 6 7 5
0 30 2 1 2 3 4 0 6 7 5
