0 0 0 7 6 0 2 4 1 5 3
15 1 14 7 6 5 2 4 1 0 3
15 1 14 7 0 6 2 4 1 5 3
15 1 14 7 6 2 0 4 1 5 3
16 2 14 7 6 5 2 4 0 1 3
15 3 12 7 0 5 2 4 6 1 3
16 2 14 7 6 5 2 4 1 3 0
16 2 14 7 1 6 2 4 0 5 3
15 3 12 7 1 6 2 0 4 5 3
16 2 14 0 7 6 2 4 1 5 3
16 2 14 7 6 2 3 4 1 5 0
16 4 12 7 6 2 4 0 1 5 3
16 4 12 0 7 5 2 4 6 1 3
16 4 12 7 5 0 2 4 6 1 3
16 4 12 0 1 6 2 7 4 5 3
17 3 14 0 6 2 7 4 1 5 3
17 3 14 7 6 5 2 0 4 1 3
17 3 14 7 6 5 0 4 1 3 2
17 5 12 0 6 5 2 4 1 3 7
17 3 14 7 1 6 2 4 5 0 3
17 5 12 7 1 6 2 3 4 5 0
17 3 14 4 7 6 2 0 1 5 3
17 5 12 1 7 6 2 4 0 5 3
17 3 14 7 6 2 3 4 1 0 5
17 5 12 0 6 2 4 7 1 5 3
17 5 12 7 6 2 4 1 0 5 3
16 6 10 7 0 2 4 1 6 5 3
15 7 8 7 2 0 4 1 6 5 3
16 8 8 7 2 5 4 1 6 0 3
17 5 12 4 7 5 2 0 6 1 3
17 5 12 7 5 1 2 4 6 0 3
17 5 12 7 5 2 0 4 6 1 3
17 5 12 1 0 6 2 7 4 5 3
17 7 10 0 7 2 4 1 6 5 3
16 8 8 1 7 2 4 0 6 5 3
17 9 8 7 2 5 4 1 6 3 0
18 4 14 7 6 2 5 4 1 0 3
18 4 14 7 6 5 2 0 1 3 4
18 6 12 7 0 6 2 1 4 5 3
18 6 12 7 1 6 0 2 4 5 3
18 4 14 2 7 6 0 4 1 5 3
18 4 14 7 6 2 3 0 1 5 4
18 6 12 7 6 2 4 3 1 5 0
18 6 12 2 7 5 0 4 6 1 3
18 6 12 2 1 6 0 7 4 5 3
18 4 14 4 6 2 7 0 1 5 3
18 4 14 6 0 2 7 4 1 5 3
17 5 12 6 2 0 7 4 1 5 3
18 6 12 1 6 2 7 4 0 5 3
17 7 10 1 0 2 7 4 6 5 3
16 8 8 1 2 0 7 4 6 5 3
17 9 8 1 2 5 7 4 6 0 3
17 9 8 1 2 7 0 4 6 5 3
18 4 14 0 6 5 2 7 4 1 3
18 4 14 7 6 0 5 4 1 3 2
17 5 12 7 6 3 5 4 1 0 2
18 6 12 7 6 5 4 0 1 3 2
18 6 12 4 6 5 2 0 1 3 7
18 6 12 6 0 5 2 4 1 3 7
18 4 14 7 1 0 2 4 5 6 3
18 4 14 7 1 6 2 4 5 3 0
18 6 12 7 1 6 0 3 4 5 2
18 8 10 7 1 0 2 3 4 5 6
18 4 14 4 7 6 2 1 0 5 3
18 6 12 4 7 6 0 2 1 5 3
18 6 12 1 0 6 2 4 7 5 3
18 6 12 1 7 6 2 0 4 5 3
18 6 12 1 7 6 2 4 5 0 3
18 4 14 7 6 0 3 4 1 2 5
17 5 12 7 6 3 0 4 1 2 5
18 4 14 7 6 2 3 4 0 1 5
17 5 12 7 0 2 3 4 6 1 5
16 6 10 7 2 0 3 4 6 1 5
15 7 8 7 2 3 0 4 6 1 5
16 8 8 7 2 3 5 4 6 1 0
16 10 6 7 2 3 4 0 6 1 5
16 12 4 7 2 3 4 5 6 1 0
17 7 10 7 2 1 3 4 6 0 5
17 9 8 0 2 3 7 4 6 1 5
17 9 8 7 2 3 5 4 6 0 1
17 11 6 0 2 3 4 7 6 1 5
17 13 4 7 2 3 4 5 6 0 1
18 6 12 6 0 2 4 7 1 5 3
17 7 10 6 2 0 4 7 1 5 3
18 8 10 1 6 2 4 7 0 5 3
17 9 8 1 0 2 4 7 6 5 3
16 10 6 1 2 0 4 7 6 5 3
17 9 8 1 0 2 4 7 6 5 3
17 11 6 1 2 5 4 7 6 0 3
18 6 12 7 6 2 4 1 5 0 3
18 8 10 7 2 4 0 1 6 5 3
18 6 12 7 5 1 2 4 6 3 0
18 6 12 7 5 2 3 4 6 1 0
18 8 10 7 5 2 4 0 6 1 3
18 6 12 1 4 6 2 7 0 5 3
18 6 12 1 6 0 2 7 4 5 3
18 10 8 1 7 2 4 3 6 5 0
18 6 12 6 2 5 7 4 1 0 3
18 6 12 6 2 7 0 4 1 5 3
18 10 8 1 2 5 7 4 6 3 0
18 10 8 1 2 7 3 4 6 5 0
18 12 6 1 2 7 4 0 6 5 3
18 6 12 7 6 3 5 4 0 1 2
17 7 10 7 0 3 5 4 6 1 2
18 6 12 7 6 3 5 4 1 2 0
18 6 12 7 6 3 5 4 1 2 0
18 8 10 7 6 3 4 0 1 2 5
18 6 12 0 7 2 3 4 6 1 5
18 10 8 7 2 3 1 4 6 0 5
18 10 8 7 2 3 5 0 6 1 4
18 8 10 7 2 1 3 4 6 5 0
18 10 8 4 2 3 7 0 6 1 5
18 8 10 6 2 5 4 7 1 0 3
18 12 6 1 2 5 4 7 6 3 0
18 8 10 0 7 3 5 4 6 1 2
18 10 8 7 6 3 4 5 1 2 0
18 12 6 4 2 3 7 5 6 1 0
19 5 14 7 6 0 2 4 1 3 5
18 6 12 7 6 3 2 4 1 0 5
18 6 12 7 6 3 2 4 1 0 5
19 5 14 3 7 6 2 4 1 5 0
19 5 14 7 6 0 3 4 1 5 2
18 6 12 7 6 3 0 4 1 5 2
19 5 14 0 6 2 3 4 1 5 7
19 7 12 7 0 2 4 6 1 5 3
18 8 10 7 2 0 4 6 1 5 3
19 7 12 3 7 5 2 4 6 1 0
19 7 12 3 1 6 2 7 4 5 0
19 5 14 7 6 5 2 3 4 1 0
19 5 14 0 6 5 7 4 1 3 2
19 7 12 2 6 5 0 4 1 3 7
19 5 14 4 7 6 2 3 1 5 0
19 9 10 7 2 5 4 1 0 6 3
19 7 12 4 7 5 2 3 6 1 0
19 7 12 0 5 2 7 4 6 1 3
19 9 10 1 7 2 4 6 0 5 3
19 11 8 7 2 5 4 0 6 3 1
19 5 14 7 6 0 5 4 1 2 3
19 5 14 7 6 2 5 4 0 1 3
18 6 12 7 0 2 5 4 6 1 3
17 7 10 7 2 0 5 4 6 1 3
17 7 10 7 2 0 5 4 6 1 3
18 8 10 7 2 1 5 4 6 0 3
18 8 10 7 2 5 0 4 6 1 3
18 8 10 7 2 1 5 4 6 0 3
18 8 10 7 2 5 0 4 6 1 3
19 5 14 7 6 2 5 4 1 3 0
19 5 14 0 6 5 2 7 1 3 4
19 5 14 7 6 5 2 1 0 3 4
18 6 12 7 0 5 2 1 6 3 4
19 7 12 0 7 6 2 1 4 5 3
19 7 12 7 6 0 2 1 4 5 3
19 7 12 7 1 6 3 2 4 5 0
19 7 12 7 1 0 6 2 4 5 3
19 5 14 2 7 6 3 4 1 5 0
19 5 14 2 7 0 6 4 1 5 3
18 6 12 2 7 5 6 4 1 0 3
19 7 12 2 7 6 4 0 1 5 3
19 5 14 0 6 2 3 7 1 5 4
19 5 14 7 6 2 3 1 0 5 4
18 6 12 7 0 2 3 1 6 5 4
17 7 10 7 2 0 3 1 6 5 4
16 8 8 7 2 3 0 1 6 5 4
15 9 6 7 2 3 4 1 6 5 0
16 10 6 7 2 3 4 1 6 0 5
17 11 6 7 2 3 4 0 6 5 1
18 8 10 7 2 5 3 1 6 0 4
18 10 8 0 2 3 7 1 6 5 4
17 11 6 1 2 3 7 0 6 5 4
18 12 6 0 2 3 4 1 6 5 7
17 13 4 1 2 3 4 0 6 5 7
18 12 6 0 2 3 4 7 6 5 1
19 7 12 7 6 2 4 3 1 0 5
19 7 12 2 7 5 3 4 6 1 0
19 7 12 2 7 0 5 4 6 1 3
19 9 10 2 7 5 4 0 6 1 3
19 7 12 2 1 6 3 7 4 5 0
19 7 12 2 1 0 6 7 4 5 3
19 5 14 4 6 2 7 1 0 5 3
18 6 12 4 0 2 7 1 6 5 3
17 7 10 4 2 0 7 1 6 5 3
18 8 10 4 2 5 7 1 6 0 3
18 8 10 4 2 7 0 1 6 5 3
18 10 8 0 2 7 4 1 6 5 3
17 11 6 1 2 7 4 0 6 5 3
18 10 8 0 2 7 4 1 6 5 3
19 5 14 6 1 2 7 4 0 5 3
18 6 12 6 1 2 7 0 4 5 3
19 7 12 1 6 2 7 0 4 5 3
19 7 12 1 6 2 7 4 5 0 3
19 5 14 6 0 5 2 7 4 1 3
19 5 14 7 0 6 5 4 1 3 2
19 7 12 0 6 5 4 7 1 3 2
19 7 12 7 6 5 4 1 0 3 2
18 8 10 7 0 5 4 1 6 3 2
19 7 12 4 6 5 2 1 0 3 7
19 7 12 6 1 5 2 4 0 3 7
19 5 14 7 0 1 2 4 5 6 3
19 5 14 7 1 2 0 4 5 6 3
19 5 14 7 1 6 0 4 5 3 2
19 7 12 7 1 0 6 3 4 5 2
19 9 10 7 0 1 2 3 4 5 6
19 9 10 7 1 2 0 3 4 5 6
19 5 14 4 0 6 2 1 7 5 3
19 5 14 4 7 6 2 1 5 0 3
19 7 12 4 7 6 3 2 1 5 0
19 7 12 4 7 0 6 2 1 5 3
19 7 12 1 6 0 2 4 7 5 3
19 7 12 0 7 6 2 1 4 5 3
19 7 12 1 7 0 2 4 5 6 3
19 7 12 1 7 6 2 4 5 3 0
19 5 14 7 0 6 3 4 1 2 5
19 7 12 0 6 3 7 4 1 2 5
19 5 14 7 6 2 3 0 4 1 5
19 11 8 0 2 3 5 4 6 1 7
19 11 8 7 2 3 4 6 0 1 5
19 13 6 7 2 3 0 5 6 1 4
19 15 4 0 2 3 4 5 6 1 7
19 7 12 6 1 2 4 7 0 5 3
19 9 10 1 6 2 4 0 7 5 3
19 9 10 1 6 2 4 7 5 0 3
19 11 8 1 2 4 0 7 6 5 3
19 7 12 7 6 0 4 1 5 2 3
19 7 12 7 6 2 4 1 5 3 0
19 9 10 7 2 4 3 1 6 5 0
19 7 12 7 5 1 0 4 6 3 2
19 7 12 7 5 2 3 4 6 0 1
19 9 10 0 5 2 4 7 6 1 3
19 11 8 7 0 2 4 5 6 1 3
18 12 6 7 2 0 4 5 6 1 3
18 12 6 7 2 0 4 5 6 1 3
19 7 12 1 4 6 2 0 7 5 3
19 7 12 1 4 6 2 7 5 0 3
19 7 12 1 6 5 2 7 4 0 3
19 7 12 1 6 2 0 7 4 5 3
19 11 8 1 7 2 4 3 6 0 5
19 7 12 6 2 5 7 4 0 1 3
19 7 12 6 2 5 7 4 1 3 0
19 7 12 6 2 7 3 4 1 5 0
19 9 10 6 2 7 4 0 1 5 3
19 11 8 1 2 5 0 4 6 3 7
19 11 8 1 2 7 3 4 6 0 5
18 12 6 1 2 0 3 4 6 7 5
17 13 4 1 2 3 0 4 6 7 5
18 14 4 1 2 3 5 4 6 7 0
18 16 2 1 2 3 4 0 6 7 5
