0 0 0 3 1 5 4 0 2 7 6
0 2 8 3 1 5 4 6 2 7 0
0 3 8 3 1 5 0 4 2 7 6
0 6 6 3 1 5 7 4 2 0 6
0 7 4 3 1 5 7 4 2 6 0
0 8 6 3 1 5 0 4 2 6 7
0 4 8 3 1 5 6 4 2 7 0
0 7 8 3 1 0 7 4 2 5 6
0 7 8 3 1 5 7 4 0 2 6
0 9 8 3 1 5 7 0 2 6 4
0 10 6 3 1 5 7 2 0 6 4
0 11 6 3 1 5 7 2 6 0 4
0 12 4 3 1 5 7 2 6 4 0
0 13 6 3 1 5 0 2 6 4 7
0 10 8 3 1 0 7 4 2 6 5
0 9 8 3 1 0 5 4 2 6 7
0 11 8 3 1 5 6 4 2 0 7
0 5 8 3 1 5 6 4 2 0 7
0 8 8 3 1 7 0 4 2 5 6
0 8 8 3 1 5 7 0 4 2 6
0 10 6 3 1 5 7 6 4 2 0
0 12 8 3 0 5 7 1 2 6 4
0 11 8 3 0 5 7 2 1 6 4
0 12 8 3 1 0 7 2 6 5 4
0 15 8 3 1 0 7 2 6 4 5
0 14 8 3 1 0 5 2 6 4 7
0 16 8 3 1 5 4 2 6 0 7
0 11 8 3 1 6 7 4 2 0 5
0 12 6 3 1 6 7 4 2 5 0
0 11 8 3 1 7 0 4 2 6 5
0 12 6 3 1 7 5 4 2 6 0
0 10 8 3 1 6 5 4 2 0 7
0 9 8 3 1 7 6 4 2 5 0
0 11 8 3 1 7 5 4 2 0 6
0 11 8 3 0 5 7 1 4 2 6
0 11 8 3 1 5 0 6 4 2 7
0 11 8 3 1 5 7 6 4 0 2
0 13 8 3 2 5 7 1 0 6 4
0 13 8 0 3 5 7 1 2 6 4
0 16 4 4 3 5 7 1 2 6 0
0 14 6 1 3 5 7 0 2 6 4
0 16 2 1 3 5 7 4 2 6 0
0 15 4 1 3 5 7 2 0 6 4
0 17 4 1 3 5 0 4 2 6 7
0 17 4 1 3 5 7 4 2 0 6
0 16 4 1 3 5 7 2 6 0 4
0 17 2 1 3 5 7 2 6 4 0
0 18 4 1 3 5 0 2 6 4 7
0 16 6 2 3 5 7 1 0 6 4
0 17 6 4 3 5 0 1 2 6 7
0 17 6 4 3 5 7 1 2 0 6
0 19 6 1 3 0 7 4 2 6 5
0 16 6 1 0 5 7 2 3 6 4
0 18 6 1 3 0 5 4 2 6 7
0 20 6 1 3 5 6 4 2 0 7
0 18 6 1 3 0 7 4 2 5 6
0 18 6 1 3 5 7 4 0 2 6
0 17 6 1 3 0 7 2 6 5 4
0 20 6 1 3 0 7 2 6 4 5
0 19 6 1 3 0 5 2 6 4 7
0 21 6 1 3 5 4 2 6 0 7
0 17 6 2 3 5 7 1 6 0 4
0 18 4 2 3 5 7 1 6 4 0
0 20 6 1 3 6 7 4 2 0 5
0 21 4 1 3 6 7 4 2 5 0
0 20 6 1 3 7 0 4 2 6 5
0 21 4 1 3 7 5 4 2 6 0
0 17 6 1 5 0 7 2 3 6 4
0 19 6 1 3 6 5 4 2 0 7
0 21 6 1 3 5 6 4 2 7 0
0 19 6 1 3 7 0 4 2 5 6
0 19 6 1 3 5 7 0 4 2 6
0 21 4 1 3 5 7 6 4 2 0
0 18 6 1 3 7 0 2 6 5 4
0 21 6 1 3 4 7 2 6 0 5
0 22 4 1 3 4 7 2 6 5 0
0 21 6 1 3 7 0 2 6 4 5
0 22 4 1 3 7 5 2 6 4 0
0 20 6 1 3 4 5 2 6 0 7
0 22 6 1 3 5 4 2 0 6 7
0 22 6 1 3 5 4 2 6 7 0
0 19 6 2 3 5 0 1 6 4 7
0 22 6 1 3 6 0 4 2 5 7
0 22 6 1 3 7 5 4 2 0 6
0 18 6 1 5 6 7 2 3 0 4
0 19 4 1 5 6 7 2 3 4 0
0 18 6 1 5 7 0 2 3 6 4
0 20 6 1 3 6 5 4 2 7 0
0 22 6 1 3 5 0 4 2 7 6
0 20 6 1 3 7 6 4 2 5 0
0 22 6 1 3 7 5 4 2 0 6
0 22 6 1 3 5 0 6 4 2 7
0 22 6 1 3 5 7 6 4 0 2
0 19 6 1 3 7 4 2 6 5 0
0 21 6 1 3 7 5 2 6 0 4
0 22 6 1 3 4 7 2 0 6 5
0 23 6 1 3 4 0 2 6 5 7
0 23 6 1 3 7 5 2 6 0 4
0 21 6 1 3 4 5 2 0 6 7
0 21 6 1 3 4 5 2 6 7 0
0 23 6 1 3 5 0 2 6 7 4
0 20 6 1 5 6 0 2 3 4 7
0 22 6 1 5 0 7 2 3 4 6
0 19 6 1 5 7 4 2 3 6 0
0 22 6 1 3 7 5 2 0 6 4
0 24 6 1 3 7 5 2 0 6 4
0 23 6 1 5 4 7 2 3 0 6
0 24 4 1 5 4 7 2 3 6 0
0 23 6 1 0 5 7 2 3 4 6
0 24 4 1 3 5 7 2 0 4 6
0 25 2 1 3 5 7 2 4 0 6
