0 0 0 3 1 5 4 0 2 7 6
0 1 10 0 1 5 4 3 2 7 6
0 2 8 1 0 5 4 3 2 7 6
0 3 6 1 2 5 4 3 0 7 6
0 4 6 1 2 5 4 0 3 7 6
0 6 6 1 2 5 4 6 3 7 0
0 9 6 1 2 0 4 6 3 7 5
0 3 8 1 5 0 4 3 2 7 6
0 4 8 1 2 5 4 3 7 0 6
0 5 8 0 2 5 4 1 3 7 6
0 7 8 1 0 5 4 2 3 7 6
0 7 8 1 2 5 0 4 3 7 6
0 7 8 1 2 5 0 6 3 7 4
0 7 8 1 2 5 4 6 3 0 7
0 9 8 0 2 5 4 6 3 7 1
0 10 8 1 2 7 4 6 3 0 5
0 10 8 1 0 2 4 6 3 7 5
0 10 8 1 2 4 0 6 3 7 5
0 5 8 1 2 0 4 3 7 5 6
0 5 8 1 2 5 4 3 7 6 0
0 8 8 3 2 5 4 1 0 7 6
0 8 8 6 2 5 4 1 3 7 0
0 8 8 1 3 5 4 2 0 7 6
0 8 8 1 5 0 4 2 3 7 6
0 8 8 1 2 5 6 4 3 7 0
0 8 8 1 2 0 5 4 3 7 6
0 8 8 1 2 0 5 6 3 7 4
0 10 8 1 2 5 6 0 3 7 4
0 8 8 1 2 0 4 6 3 5 7
0 8 8 1 2 5 4 6 0 3 7
0 9 6 1 2 5 4 0 6 3 7
0 11 6 1 2 5 4 7 6 3 0
0 12 6 1 2 5 4 7 6 0 3
0 14 6 1 2 0 4 7 6 3 5
0 15 4 1 2 3 4 7 6 0 5
0 16 4 1 2 3 4 7 6 5 0
0 18 4 1 2 3 4 0 6 5 7
0 13 6 1 2 0 4 7 6 5 3
0 16 6 1 2 3 4 7 0 6 5
0 17 6 1 2 3 0 7 6 5 4
0 19 6 1 2 0 4 7 6 5 3
0 19 6 0 2 3 4 7 6 5 1
0 19 6 0 2 3 4 1 6 5 7
0 19 6 1 2 3 4 6 0 5 7
0 21 6 1 0 3 4 2 6 5 7
0 21 6 1 2 3 0 4 6 5 7
0 17 6 1 2 3 4 0 7 6 5
0 19 4 1 2 3 4 5 7 6 0
0 20 4 1 2 3 4 5 7 0 6
0 21 2 1 2 3 4 5 0 7 6
0 22 4 1 0 3 4 5 2 7 6
0 22 4 1 2 3 4 0 5 7 6
0 24 4 1 2 3 4 6 5 7 0
0 20 6 1 2 3 5 7 6 0 4
0 20 6 1 2 3 7 0 6 5 4
0 20 6 7 2 3 4 0 6 5 1
0 22 6 7 2 3 4 1 6 5 0
0 20 6 1 2 3 4 6 5 0 7
0 22 6 1 2 3 7 4 6 5 0
0 24 6 1 2 3 5 4 6 0 7
0 25 4 1 2 3 5 4 6 7 0
0 26 4 1 2 3 0 4 6 7 5
0 29 2 1 2 3 4 0 6 7 5
