0 0 0 0 2 3 6 1 4 5 7
11 1 10 1 2 3 6 0 4 5 7
11 1 10 2 0 3 6 1 4 5 7
10 2 8 2 3 0 6 1 4 5 7
9 3 6 2 3 5 6 1 4 0 7
9 3 6 2 3 6 0 1 4 5 7
8 4 4 2 3 6 7 1 4 5 0
10 4 6 2 3 5 6 1 4 7 0
11 5 6 2 3 6 7 1 4 0 5
11 5 6 2 3 5 0 1 4 7 6
12 2 10 6 2 3 0 1 4 5 7
11 3 8 6 2 3 7 1 4 5 0
12 2 10 1 2 3 6 4 0 5 7
12 4 8 1 0 3 6 2 4 5 7
11 5 6 1 3 0 6 2 4 5 7
10 6 4 1 3 5 6 2 4 0 7
10 6 4 1 3 6 0 2 4 5 7
9 7 2 1 3 6 7 2 4 5 0
11 7 4 1 3 5 6 2 4 7 0
12 4 8 1 2 3 0 6 4 5 7
11 5 6 1 2 3 7 6 4 5 0
12 2 10 2 4 3 6 1 0 5 7
12 4 8 2 3 5 6 1 0 4 7
12 6 6 2 3 6 5 1 4 0 7
12 6 6 2 3 0 7 1 4 6 5
12 8 4 2 3 5 7 1 4 0 6
11 9 2 2 3 5 7 1 4 6 0
12 8 4 1 3 6 7 2 4 0 5
12 8 4 1 3 5 0 2 4 7 6
13 3 10 7 2 3 6 1 4 5 0
13 3 10 1 2 3 6 7 4 5 0
13 7 6 2 3 0 7 1 4 5 6
13 3 10 1 0 3 6 4 2 5 7
12 4 8 1 3 0 6 4 2 5 7
11 5 6 1 3 5 6 4 2 0 7
11 5 6 1 3 6 0 4 2 5 7
10 6 4 1 3 6 7 4 2 5 0
12 6 6 1 3 5 6 4 2 7 0
13 3 10 1 2 3 6 4 5 0 7
12 4 8 1 2 3 6 4 5 7 0
13 5 8 1 4 3 6 2 0 5 7
13 7 6 1 3 5 6 2 0 4 7
13 9 4 1 3 6 5 2 4 0 7
13 3 10 2 4 3 6 1 5 0 7
12 4 8 2 4 3 6 1 5 7 0
13 7 6 2 3 0 5 1 4 6 7
12 8 4 2 3 5 0 1 4 6 7
12 8 4 2 3 5 0 1 4 6 7
13 7 6 2 3 6 5 1 4 7 0
13 7 6 2 3 7 0 1 4 6 5
12 8 4 2 3 7 5 1 4 6 0
13 9 4 1 3 0 7 2 4 6 5
13 11 2 1 3 5 7 2 4 0 6
