0 0 0 0 4 3 5 1 2 7 6
9 1 8 1 4 3 5 0 2 7 6
10 2 8 1 4 3 5 2 0 7 6
10 4 6 1 4 3 0 5 2 7 6
11 1 10 4 0 3 5 1 2 7 6
10 2 8 4 2 3 5 1 0 7 6
11 3 8 1 4 3 5 6 2 7 0
11 3 8 1 0 3 5 2 4 7 6
11 5 6 1 4 3 6 5 2 7 0
11 3 8 4 2 3 5 0 1 7 6
12 2 10 5 4 3 0 1 2 7 6
12 4 8 1 0 3 5 4 2 7 6
11 5 6 1 2 3 5 4 0 7 6
12 4 8 1 4 3 0 6 2 7 5
12 4 8 0 2 3 5 4 1 7 6
12 6 6 4 2 3 0 5 1 7 6
12 6 6 1 2 3 5 0 4 7 6
12 8 4 0 2 3 4 5 1 7 6
13 3 10 2 4 3 5 1 0 7 6
13 3 10 6 4 3 5 1 2 7 0
13 3 10 1 4 3 5 2 7 0 6
13 5 8 1 4 0 3 5 2 7 6
13 3 10 4 2 3 5 1 7 0 6
13 5 8 4 2 3 5 6 1 7 0
13 3 10 5 4 3 6 1 2 7 0
13 7 6 4 2 3 6 5 1 7 0
13 9 4 1 2 3 0 5 4 7 6
13 11 2 1 2 3 4 5 0 7 6
14 6 8 0 4 3 1 5 2 7 6
14 2 12 4 3 0 5 1 2 7 6
14 4 10 1 4 3 5 6 2 0 7
14 4 10 0 1 3 5 2 4 7 6
14 4 10 1 3 0 5 2 4 7 6
14 6 8 1 4 3 6 5 2 0 7
14 6 8 1 2 3 5 4 7 0 6
14 6 8 5 2 3 0 4 1 7 6
14 8 6 1 2 3 5 6 4 7 0
14 4 10 2 0 3 5 1 4 7 6
13 5 8 0 2 3 5 1 4 7 6
13 5 8 0 2 3 5 1 4 7 6
14 4 10 2 4 3 5 0 1 7 6
14 4 10 6 4 3 0 1 2 7 5
14 4 10 1 4 3 5 2 7 6 0
14 6 8 1 0 4 3 5 2 7 6
13 7 6 1 2 4 3 5 0 7 6
14 4 10 4 2 3 5 1 7 6 0
14 6 8 4 2 3 0 6 1 7 5
14 10 4 1 2 3 6 5 4 7 0
14 8 6 0 2 3 4 6 1 7 5
15 7 8 1 4 3 7 5 2 0 6
15 7 8 1 4 3 6 0 2 7 5
15 3 12 5 4 0 3 1 2 7 6
15 5 10 5 4 3 1 0 2 7 6
15 5 10 0 1 3 5 4 2 7 6
15 5 10 1 3 0 5 4 2 7 6
15 5 10 1 4 0 3 6 2 7 5
15 7 8 1 4 3 6 0 2 7 5
15 5 10 2 0 3 5 4 1 7 6
15 7 8 6 2 3 5 4 1 7 0
15 7 8 4 2 0 3 5 1 7 6
15 9 6 5 2 3 4 0 1 7 6
15 9 6 2 0 3 4 5 1 7 6
15 11 4 6 2 3 4 5 1 7 0
15 5 10 6 4 3 5 0 2 7 1
15 5 10 5 4 3 6 0 2 7 1
14 6 8 0 4 3 6 5 2 7 1
14 6 8 0 4 3 6 5 2 7 1
15 7 8 4 0 3 1 5 2 7 6
14 8 6 4 2 3 1 5 0 7 6
15 3 12 4 3 5 0 1 2 7 6
15 5 10 1 4 3 5 6 0 2 7
14 6 8 1 4 3 5 0 6 2 7
15 5 10 2 1 3 5 0 4 7 6
15 5 10 1 3 5 0 2 4 7 6
15 7 8 1 4 3 6 5 0 2 7
15 7 8 1 2 3 5 4 7 6 0
15 7 8 5 2 3 6 4 1 7 0
15 9 6 5 2 3 4 0 1 7 6
15 9 6 1 2 3 0 6 4 7 5
15 7 8 5 2 3 0 1 4 7 6
15 7 8 5 2 3 0 1 4 7 6
15 5 10 0 4 3 5 2 1 7 6
15 7 8 2 4 3 0 5 1 7 6
15 5 10 1 4 3 0 2 7 6 5
15 5 10 4 2 3 0 1 7 6 5
15 9 6 6 2 3 4 0 1 7 5
15 11 4 1 2 3 4 6 0 7 5
14 12 2 1 2 3 4 0 6 7 5
