0 0 0 0 4 3 5 1 2 7 6
0 1 8 1 4 3 5 0 2 7 6
0 4 6 1 4 3 0 5 2 7 6
0 5 6 1 4 3 6 5 2 7 0
0 2 8 1 4 3 5 2 0 7 6
0 3 8 1 4 3 5 6 2 7 0
0 4 8 1 0 3 5 4 2 7 6
0 5 6 1 2 3 5 4 0 7 6
0 6 6 1 2 3 5 0 4 7 6
0 9 4 1 2 3 0 5 4 7 6
0 10 4 1 2 3 6 5 4 7 0
0 8 6 1 2 3 5 6 4 7 0
0 10 6 1 2 0 3 5 4 7 6
0 11 6 0 2 3 1 5 4 7 6
0 12 6 1 2 3 7 5 4 0 6
0 11 6 1 2 3 6 5 4 0 7
0 12 6 1 2 3 6 0 4 7 5
0 13 6 1 2 0 6 5 4 7 3
0 13 6 0 2 3 6 5 4 7 1
0 9 6 1 2 3 0 6 4 7 5
0 14 6 4 2 3 1 5 0 7 6
0 14 6 6 2 3 1 5 4 7 0
0 13 6 1 2 3 7 5 0 4 6
0 13 6 1 2 3 7 5 4 6 0
0 12 6 1 2 3 6 5 0 4 7
0 13 6 1 2 3 6 4 0 7 5
0 15 6 1 2 3 0 6 4 7 5
0 14 6 1 2 6 0 5 4 7 3
0 15 6 6 2 3 0 5 4 7 1
0 16 6 4 2 3 6 5 0 7 1
0 15 6 6 2 3 0 5 4 7 1
0 14 6 1 2 3 0 5 4 6 7
0 15 6 1 2 6 3 5 4 7 0
0 5 8 1 4 0 3 5 2 7 6
0 6 8 0 4 3 1 5 2 7 6
0 7 8 1 4 3 7 5 2 0 6
0 6 8 1 4 3 6 5 2 0 7
0 7 8 1 4 3 6 0 2 7 5
0 8 8 1 4 0 6 5 2 7 3
0 8 8 0 4 3 6 5 2 7 1
0 3 8 1 0 3 5 2 4 7 6
0 4 8 1 4 3 0 6 2 7 5
0 6 8 1 2 3 5 4 7 0 6
0 7 8 0 2 3 5 1 4 7 6
0 9 8 1 0 3 5 2 4 7 6
0 9 8 1 2 3 5 6 4 0 7
0 11 8 1 2 0 5 6 4 7 3
0 11 8 0 2 3 5 6 4 7 1
0 11 8 1 2 7 3 5 4 0 6
0 11 8 1 0 2 3 5 4 7 6
0 12 8 5 2 3 1 0 4 7 6
0 12 8 2 0 3 1 5 4 7 6
0 13 8 1 2 0 7 5 4 3 6
0 12 8 1 2 0 6 5 4 3 7
0 13 8 0 2 3 6 1 4 7 5
0 15 8 1 0 3 6 2 4 7 5
0 14 8 1 2 7 6 5 4 0 3
0 14 8 1 0 2 6 5 4 7 3
0 14 8 5 2 3 6 0 4 7 1
0 14 8 2 0 3 6 5 4 7 1
0 10 8 1 2 0 3 6 4 7 5
0 11 8 0 2 3 1 6 4 7 5
0 12 8 1 2 3 7 6 4 0 5
0 15 8 4 0 3 1 5 2 7 6
0 15 8 4 2 3 1 0 5 7 6
0 15 8 4 2 3 1 5 7 0 6
0 15 8 6 2 3 1 5 4 0 7
0 16 8 6 2 3 1 0 4 7 5
0 17 8 6 2 0 1 5 4 7 3
0 14 8 1 0 3 7 5 2 4 6
0 14 8 1 2 3 7 0 5 4 6
0 15 8 1 2 3 7 0 4 6 5
0 16 8 1 2 0 7 5 4 6 3
0 16 8 0 2 3 7 5 4 6 1
0 13 8 1 0 3 6 5 2 4 7
0 13 8 1 2 3 6 0 5 4 7
0 14 8 1 0 3 6 4 2 7 5
0 14 8 1 2 3 6 4 7 0 5
0 16 8 1 2 0 3 6 4 7 5
0 17 8 0 2 3 1 6 4 7 5
0 18 8 1 2 3 7 6 4 0 5
0 16 8 0 2 6 1 5 4 7 3
0 17 8 1 2 6 7 5 4 0 3
0 17 8 1 2 6 5 0 4 7 3
0 16 8 6 2 0 3 5 4 7 1
0 18 8 6 2 3 7 5 4 0 1
0 18 8 6 2 3 5 0 4 7 1
0 17 8 4 0 3 6 5 2 7 1
0 17 8 4 2 3 6 0 5 7 1
0 17 8 4 2 3 6 5 7 0 1
0 16 8 6 2 0 3 5 4 7 1
0 18 8 6 2 3 7 5 4 0 1
0 18 8 6 2 3 5 0 4 7 1
0 15 8 1 2 0 3 5 4 6 7
0 16 8 0 2 3 1 5 4 6 7
0 17 8 1 2 3 5 0 4 6 7
0 16 8 1 2 6 3 5 4 0 7
0 17 8 1 2 6 3 0 4 7 5
0 18 8 0 2 6 3 5 4 7 1
0 6 8 1 0 4 3 5 2 7 6
0 7 6 1 2 4 3 5 0 7 6
0 7 8 4 0 3 1 5 2 7 6
0 9 8 2 4 3 1 5 0 7 6
0 9 8 6 4 3 1 5 2 7 0
0 8 8 1 4 3 7 5 0 2 6
0 8 8 1 4 3 7 5 2 6 0
0 7 8 1 4 3 6 5 0 2 7
0 8 8 1 4 3 6 2 0 7 5
0 10 8 1 0 3 6 4 2 7 5
0 10 8 1 4 3 0 6 2 7 5
0 9 8 1 0 4 6 5 2 7 3
0 10 6 1 2 4 6 5 0 7 3
0 9 8 1 4 6 0 5 2 7 3
0 9 8 4 0 3 6 5 2 7 1
0 10 8 6 4 3 0 5 2 7 1
0 11 8 2 4 3 6 5 0 7 1
0 7 8 1 2 3 5 4 7 6 0
0 9 8 5 2 3 0 1 4 7 6
0 10 8 4 2 3 5 1 0 7 6
0 10 8 6 2 3 5 1 4 7 0
0 10 8 1 2 3 5 6 0 4 7
0 11 6 1 2 3 5 0 6 4 7
0 14 4 1 2 3 0 5 6 4 7
0 17 1 1 2 3 4 5 6 0 7
