0 0 0 0 6 7 1 3 2 5 4
0 2 12 1 6 7 0 3 2 5 4
0 3 10 1 6 7 4 3 2 5 0
0 4 10 1 6 7 4 3 2 0 5
0 5 8 1 6 0 4 3 2 7 5
0 6 8 1 0 6 4 3 2 7 5
0 7 6 1 2 6 4 3 0 7 5
0 8 6 1 2 6 4 0 3 7 5
0 10 4 1 2 6 4 5 3 7 0
0 13 4 1 2 0 4 5 3 7 6
0 11 6 1 2 6 0 5 3 7 4
0 11 6 1 2 6 4 5 3 0 7
0 13 6 0 2 6 4 5 3 7 1
0 14 6 1 2 7 4 5 3 0 6
0 14 6 1 0 2 4 5 3 7 6
0 14 6 1 2 4 0 5 3 7 6
0 12 6 1 2 0 6 5 3 7 4
0 12 6 1 2 0 4 5 3 6 7
0 12 6 1 2 6 4 5 0 3 7
0 16 6 3 2 6 4 5 0 7 1
0 15 6 1 2 7 4 5 0 3 6
0 15 6 1 2 7 4 5 3 6 0
0 15 6 1 3 2 4 5 0 7 6
0 15 6 1 2 4 6 5 3 7 0
0 8 8 1 2 6 4 3 7 0 5
0 9 8 0 2 6 4 1 3 7 5
0 11 8 1 0 6 4 2 3 7 5
0 11 8 1 2 6 0 4 3 7 5
0 13 8 0 2 6 1 5 3 7 4
0 14 8 1 2 6 7 5 3 0 4
0 14 8 1 2 6 5 0 3 7 4
0 14 8 5 2 6 4 0 3 7 1
0 14 8 2 0 6 4 5 3 7 1
0 15 8 4 2 6 0 5 3 7 1
0 15 8 0 1 2 4 5 3 7 6
0 16 8 0 2 4 1 5 3 7 6
0 17 8 1 2 4 7 5 3 0 6
0 17 8 1 2 4 5 0 3 7 6
0 13 8 1 2 7 6 5 3 0 4
0 13 8 1 0 2 6 5 3 7 4
0 13 8 1 0 2 4 5 3 6 7
0 13 8 1 2 4 0 5 3 6 7
0 13 8 1 0 6 4 5 2 3 7
0 13 8 1 2 6 4 0 5 3 7
0 17 8 3 0 6 4 5 2 7 1
0 17 8 3 2 6 4 0 5 7 1
0 17 8 3 2 6 4 5 7 0 1
0 16 8 1 0 7 4 5 2 3 6
0 16 8 1 2 7 4 0 5 3 6
0 16 8 1 2 7 0 5 3 6 4
0 17 8 1 2 7 4 0 3 6 5
0 18 8 0 2 7 4 5 3 6 1
0 16 8 1 3 2 4 0 5 7 6
0 16 8 1 3 2 4 5 7 0 6
0 16 8 1 2 4 6 5 3 0 7
0 17 8 1 2 4 6 0 3 7 5
0 18 8 0 2 4 6 5 3 7 1
0 9 8 1 2 0 4 3 7 6 5
0 9 8 1 2 6 4 3 7 5 0
0 12 8 3 2 6 4 1 0 7 5
0 12 8 5 2 6 4 1 3 7 0
0 12 8 1 3 6 4 2 0 7 5
0 12 8 1 6 0 4 2 3 7 5
0 12 8 1 2 6 5 4 3 7 0
0 12 8 1 2 0 6 4 3 7 5
0 16 8 3 2 6 1 5 0 7 4
0 16 8 4 2 6 1 5 3 7 0
0 15 8 1 2 0 7 5 3 6 4
0 15 8 1 2 6 7 5 0 3 4
0 15 8 1 2 6 7 5 3 4 0
0 15 8 1 2 6 5 3 0 7 4
0 16 8 1 2 6 5 4 3 7 0
0 15 8 5 2 6 4 3 0 7 1
0 16 8 5 2 6 4 1 3 7 0
0 15 8 2 3 6 4 5 0 7 1
0 15 8 2 6 0 4 5 3 7 1
0 16 8 4 2 6 1 5 3 7 0
0 16 8 4 2 0 6 5 3 7 1
0 18 8 3 1 2 4 5 0 7 6
0 18 8 6 1 2 4 5 3 7 0
0 19 8 3 2 4 1 5 0 7 6
0 19 8 6 2 4 1 5 3 7 0
0 18 8 1 2 0 7 5 3 4 6
0 18 8 1 2 4 7 5 0 3 6
0 18 8 1 2 4 7 5 3 6 0
0 18 8 1 2 4 5 3 0 7 6
0 19 8 1 2 4 5 6 3 7 0
0 14 8 1 2 7 6 5 0 3 4
0 14 8 1 2 7 6 5 3 4 0
0 14 8 1 3 2 6 5 0 7 4
0 14 8 1 3 2 4 5 0 6 7
0 15 6 1 3 2 4 5 6 0 7
0 16 4 1 3 2 4 5 6 7 0
0 19 4 1 3 0 4 5 6 7 2
0 20 2 1 0 3 4 5 6 7 2
0 21 4 1 6 3 4 5 0 7 2
0 21 4 0 1 3 4 5 6 7 2
0 24 4 2 1 3 4 5 6 7 0
0 16 6 1 3 0 4 5 6 2 7
0 17 4 1 0 3 4 5 6 2 7
0 17 6 1 3 2 0 5 6 7 4
0 18 6 1 3 2 4 0 6 7 5
0 19 6 0 3 2 4 5 6 7 1
0 20 6 1 3 7 4 5 6 0 2
0 20 6 1 3 4 0 5 6 7 2
0 22 6 1 6 3 4 0 5 7 2
0 22 6 1 6 3 4 5 7 0 2
0 22 6 5 1 3 4 0 6 7 2
0 23 6 4 1 3 0 5 6 7 2
0 24 6 6 1 3 4 5 0 7 2
0 25 6 2 1 3 0 5 6 7 4
0 25 6 2 1 3 4 5 6 0 7
0 26 6 2 1 3 4 0 6 7 5
0 27 6 2 1 0 4 5 6 7 3
0 18 6 1 6 3 4 5 0 2 7
0 18 6 0 1 3 4 5 6 2 7
0 18 6 1 3 0 2 5 6 7 4
0 19 4 1 0 3 2 5 6 7 4
0 21 6 1 0 2 4 3 6 7 5
0 22 4 1 2 0 4 3 6 7 5
0 20 6 3 0 2 4 5 6 7 1
0 21 4 3 2 0 4 5 6 7 1
0 21 6 1 3 7 4 5 6 2 0
0 21 6 1 3 4 2 5 6 7 0
0 24 6 1 6 3 4 2 5 7 0
0 25 6 1 0 3 4 6 5 7 2
0 23 6 1 6 3 4 5 7 2 0
0 24 6 5 1 3 4 2 6 7 0
0 25 6 5 0 3 4 1 6 7 2
0 24 6 4 1 3 2 5 6 7 0
0 25 6 6 0 3 4 5 1 7 2
0 27 6 0 1 3 2 5 6 7 4
0 27 6 0 1 3 4 2 6 7 5
0 28 4 1 0 3 4 2 6 7 5
0 29 6 2 0 3 4 1 6 7 5
0 30 4 0 2 3 4 1 6 7 5
0 31 2 1 2 3 4 0 6 7 5
