0 0 0 7 2 1 6 3 4 0 5
13 1 12 7 2 0 6 3 4 1 5
13 1 12 7 2 1 6 3 0 4 5
13 1 12 7 2 1 6 3 4 5 0
12 2 10 7 2 1 0 3 4 5 6
13 3 10 7 2 0 1 3 4 5 6
14 2 12 7 0 2 6 3 4 1 5
14 2 12 7 2 6 0 3 4 1 5
14 2 12 7 2 1 6 0 3 4 5
13 5 8 7 0 1 6 2 3 4 5
14 4 10 0 2 1 7 3 4 5 6
14 4 10 7 0 2 1 3 4 5 6
14 4 10 7 2 1 6 5 3 4 0
14 6 8 0 7 1 6 2 3 4 5
14 6 8 7 1 0 6 2 3 4 5
15 3 12 7 2 1 6 0 4 5 3
15 5 10 7 2 1 3 0 4 5 6
15 3 12 0 7 2 6 3 4 1 5
15 3 12 7 2 6 5 3 4 1 0
15 3 12 0 2 1 6 7 3 4 5
15 5 10 3 2 1 7 0 4 5 6
15 5 10 2 0 1 7 3 4 5 6
15 5 10 0 7 2 1 3 4 5 6
15 5 10 7 2 1 0 5 3 4 6
15 5 10 7 2 1 6 5 3 0 4
15 7 8 7 1 6 0 2 3 4 5
16 2 14 7 0 1 6 3 2 4 5
16 4 12 7 2 0 6 3 4 5 1
16 4 12 0 2 1 6 3 4 5 7
16 4 12 7 2 5 1 3 4 0 6
16 4 12 0 2 6 7 3 4 1 5
16 8 8 6 7 1 0 2 3 4 5
16 4 12 0 2 1 6 7 4 5 3
16 4 12 7 2 1 6 4 0 5 3
16 6 10 0 2 1 3 7 4 5 6
16 4 12 3 7 2 6 0 4 1 5
16 4 12 7 2 6 5 3 4 0 1
16 6 10 2 1 0 7 3 4 5 6
16 6 10 3 7 2 1 0 4 5 6
16 6 10 7 2 0 1 5 3 4 6
16 8 8 7 2 1 4 5 3 0 6
16 6 10 7 2 0 6 5 3 1 4
16 6 10 7 2 1 6 5 0 3 4
17 5 12 7 2 1 5 3 4 0 6
17 3 14 7 4 2 6 3 0 1 5
17 5 12 7 2 6 1 3 4 0 5
17 5 12 7 2 6 3 0 4 1 5
17 5 12 7 2 1 0 6 3 4 5
17 7 10 7 2 0 6 5 3 4 1
17 7 10 0 2 1 6 5 3 4 7
17 5 12 7 2 6 5 0 4 1 3
17 5 12 6 2 1 0 7 3 4 5
17 7 10 1 7 2 0 3 4 5 6
17 7 10 0 2 1 7 5 3 4 6
17 9 8 0 1 6 7 2 3 4 5
17 3 14 0 7 1 6 3 2 4 5
17 3 14 7 1 0 6 3 2 4 5
17 5 12 7 2 5 6 3 4 0 1
17 5 12 7 0 2 6 3 4 5 1
17 5 12 7 2 6 0 3 4 5 1
17 5 12 3 2 1 6 0 4 5 7
17 5 12 2 0 1 6 3 4 5 7
17 5 12 7 2 5 1 3 0 4 6
17 5 12 7 2 5 1 3 4 6 0
17 5 12 3 2 6 7 0 4 1 5
17 9 8 6 7 0 1 2 3 4 5
17 5 12 2 0 1 6 7 4 5 3
17 5 12 7 2 1 6 4 5 0 3
17 7 10 2 0 1 3 7 4 5 6
17 5 12 7 2 0 5 3 4 6 1
17 5 12 7 2 6 5 3 0 4 1
17 7 10 2 1 7 0 3 4 5 6
17 7 10 7 2 4 1 5 3 0 6
17 9 8 7 2 0 4 5 3 1 6
17 9 8 7 2 1 4 5 0 3 6
17 9 8 7 2 1 4 5 3 6 0
17 7 10 7 2 6 0 5 3 1 4
16 8 8 7 2 6 4 5 3 1 0
17 7 10 7 2 6 3 5 4 1 0
17 7 10 3 2 6 7 5 4 1 0
17 9 8 7 2 6 4 5 3 0 1
18 6 12 7 3 1 6 2 0 4 5
18 6 12 7 0 1 6 2 4 5 3
18 6 12 7 2 1 0 6 4 5 3
18 6 12 7 2 1 3 4 0 5 6
18 8 10 7 0 1 3 2 4 5 6
18 6 12 5 7 2 6 3 4 1 0
18 6 12 7 2 0 5 3 4 1 6
18 6 12 0 2 6 5 3 4 1 7
18 4 14 2 0 1 6 7 3 4 5
17 5 12 2 3 1 6 7 0 4 5
18 6 12 3 2 1 6 7 0 4 5
18 6 12 5 2 1 6 7 3 4 0
18 6 12 3 2 1 7 4 0 5 6
18 8 10 3 0 1 7 2 4 5 6
18 8 10 3 2 1 0 7 4 5 6
18 8 10 7 1 6 5 2 3 4 0
18 6 12 6 2 1 0 3 4 5 7
18 6 12 6 2 1 0 7 4 5 3
18 8 10 3 2 1 0 7 4 5 6
18 6 12 3 7 2 6 5 4 1 0
18 6 12 7 2 0 5 3 4 1 6
18 6 12 7 2 1 5 3 0 4 6
18 6 12 7 2 1 5 3 4 6 0
18 4 14 7 4 2 6 0 3 1 5
18 4 14 7 4 2 6 3 1 0 5
18 6 12 7 2 0 1 3 4 6 5
18 6 12 7 2 6 1 3 0 4 5
18 6 12 7 2 6 1 3 4 5 0
18 6 12 0 2 6 3 7 4 1 5
18 6 12 7 2 6 3 4 0 1 5
18 6 12 7 2 1 5 6 3 4 0
18 6 12 7 2 0 1 6 3 4 5
18 8 10 7 2 1 4 6 3 0 5
18 8 10 7 2 4 6 5 3 0 1
18 8 10 7 2 6 0 5 3 4 1
18 6 12 0 2 6 5 7 4 1 3
18 6 12 7 2 6 5 4 0 1 3
18 8 10 7 2 6 0 5 4 1 3
18 6 12 6 2 1 5 7 3 4 0
18 6 12 6 2 0 1 7 3 4 5
18 8 10 6 2 1 4 7 3 0 5
18 8 10 1 7 0 2 3 4 5 6
18 10 8 1 0 6 7 2 3 4 5
18 4 14 3 7 1 6 0 2 4 5
17 5 12 3 7 1 6 2 0 4 5
17 5 12 3 7 1 6 2 0 4 5
18 4 14 7 1 4 6 3 2 0 5
18 4 14 7 1 6 0 3 2 4 5
18 6 12 7 2 5 6 3 0 4 1
18 6 12 7 2 5 6 3 4 1 0
18 6 12 0 7 2 6 3 4 5 1
18 6 12 7 2 6 1 3 4 5 0
18 6 12 3 2 1 6 4 0 5 7
18 6 12 2 1 0 6 3 4 5 7
18 6 12 7 2 5 1 0 3 4 6
18 6 12 7 2 5 0 3 4 6 1
18 6 12 3 2 6 7 4 0 1 5
18 10 8 6 0 7 1 2 3 4 5
18 6 12 2 1 0 6 7 4 5 3
18 6 12 7 2 0 6 4 5 1 3
18 6 12 7 2 1 6 4 5 3 0
18 8 10 2 1 0 3 7 4 5 6
18 6 12 7 2 5 0 3 4 6 1
18 6 12 7 2 6 5 0 3 4 1
18 8 10 7 2 4 1 5 0 3 6
18 8 10 7 2 4 1 5 3 6 0
18 8 10 7 2 6 0 5 4 1 3
18 8 10 7 2 6 3 5 4 0 1
18 8 10 3 2 6 0 5 4 1 7
18 8 10 3 2 6 7 5 4 0 1
18 10 8 7 2 0 4 5 3 6 1
18 10 8 7 2 0 4 5 3 6 1
18 10 8 7 2 6 4 5 0 3 1
18 6 12 2 3 1 6 0 7 4 5
18 6 12 2 3 1 6 7 4 0 5
18 6 12 7 4 2 6 5 3 1 0
18 6 12 3 7 1 6 5 2 4 0
18 6 12 3 0 1 6 2 7 4 5
18 6 12 3 7 1 6 2 4 0 5
18 6 12 3 0 1 6 2 7 4 5
18 6 12 3 7 1 6 2 4 0 5
19 7 12 4 2 1 7 3 0 5 6
19 7 12 6 2 1 7 3 4 5 0
19 5 14 7 4 2 1 3 0 5 6
19 9 10 5 7 1 6 2 3 4 0
19 7 12 7 1 4 6 2 3 0 5
19 7 12 7 2 1 3 6 4 5 0
19 5 14 6 7 2 0 3 4 1 5
19 7 12 3 2 1 7 6 4 5 0
19 7 12 4 2 1 6 3 0 5 7
19 5 14 2 0 6 7 3 4 1 5
19 7 12 4 2 6 7 3 0 1 5
19 7 12 5 2 6 7 3 4 1 0
19 9 10 6 7 1 5 2 3 4 0
19 7 12 4 2 1 6 7 0 5 3
19 7 12 3 2 1 6 7 4 5 0
19 5 14 7 0 1 6 4 2 5 3
19 5 14 3 7 2 6 4 0 1 5
19 7 12 3 0 2 6 7 4 1 5
19 9 10 3 0 2 1 7 4 5 6
19 9 10 3 7 2 0 1 4 5 6
19 7 12 7 0 2 1 5 3 4 6
19 7 12 7 0 2 6 5 3 1 4
19 7 12 7 0 1 6 5 2 3 4
19 7 12 7 2 1 6 0 5 3 4
19 7 12 0 2 1 7 6 3 4 5
19 9 10 6 2 1 0 5 3 4 7
19 5 14 6 7 1 0 3 2 4 5
19 7 12 0 2 6 7 3 4 5 1
19 7 12 3 2 1 6 7 4 5 0
19 7 12 7 2 5 1 0 4 6 3
19 9 10 0 1 7 2 3 4 5 6
19 9 10 0 2 6 7 5 3 1 4
19 11 8 0 2 6 4 5 3 1 7
19 7 12 7 3 1 6 0 2 4 5
19 7 12 7 3 1 6 2 4 0 5
19 7 12 7 4 1 6 2 0 5 3
19 7 12 0 7 1 6 2 4 5 3
19 7 12 7 1 0 6 2 4 5 3
19 7 12 7 2 1 3 6 4 5 0
19 7 12 7 2 0 1 6 4 5 3
19 7 12 7 2 1 3 4 5 0 6
19 9 10 7 4 1 3 2 0 5 6
19 9 10 0 7 1 3 2 4 5 6
19 9 10 7 1 0 3 2 4 5 6
19 7 12 5 7 2 6 3 4 0 1
19 7 12 7 2 5 0 3 4 1 6
19 7 12 3 2 6 5 0 4 1 7
19 7 12 2 0 6 5 3 4 1 7
19 5 14 2 1 0 6 7 3 4 5
19 7 12 3 2 1 6 0 7 4 5
19 7 12 3 2 1 6 7 4 0 5
19 7 12 5 2 1 0 7 3 4 6
19 7 12 5 2 1 6 7 3 0 4
19 7 12 3 2 1 7 4 5 0 6
19 9 10 3 4 1 7 2 0 5 6
19 9 10 0 3 1 7 2 4 5 6
19 9 10 3 1 0 7 2 4 5 6
19 9 10 3 2 0 1 7 4 5 6
19 9 10 7 1 6 5 2 3 0 4
19 7 12 6 2 1 7 3 4 5 0
19 7 12 6 2 0 1 3 4 5 7
19 7 12 6 2 1 3 7 4 5 0
19 7 12 6 2 1 3 7 4 5 0
19 7 12 6 2 0 1 7 4 5 3
19 9 10 3 2 0 1 7 4 5 6
19 7 12 3 7 2 0 5 4 1 6
19 7 12 3 7 2 6 5 4 0 1
19 7 12 7 2 5 0 3 4 1 6
19 7 12 7 2 1 5 0 3 4 6
19 7 12 7 2 1 5 0 3 4 6
19 7 12 7 2 1 0 3 4 6 5
19 5 14 0 4 2 6 7 3 1 5
19 5 14 7 4 0 6 3 1 2 5
19 5 14 7 4 2 6 3 1 5 0
19 7 12 7 2 1 0 3 4 6 5
19 7 12 7 2 6 1 0 3 4 5
18 10 8 7 0 6 1 2 3 4 5
19 7 12 7 2 6 3 4 1 0 5
19 7 12 7 2 1 5 6 3 0 4
19 7 12 7 2 4 1 6 3 0 5
19 9 10 7 2 0 4 6 3 1 5
19 9 10 7 2 1 4 6 0 3 5
18 10 8 7 2 1 4 0 6 3 5
18 12 6 7 2 1 4 5 6 3 0
19 9 10 7 2 1 4 6 3 5 0
19 9 10 7 2 4 6 5 0 3 1
19 9 10 7 2 4 6 5 3 1 0
19 9 10 7 2 6 1 5 3 4 0
19 7 12 7 2 6 5 4 1 0 3
19 9 10 7 2 0 6 5 4 1 3
19 7 12 6 2 1 5 7 3 0 4
19 7 12 6 2 4 1 7 3 0 5
19 9 10 6 2 0 4 7 3 1 5
19 9 10 6 2 1 4 7 0 3 5
19 9 10 6 2 1 4 7 3 5 0
19 9 10 1 0 7 2 3 4 5 6
19 11 8 1 6 0 7 2 3 4 5
19 5 14 7 1 4 6 3 0 2 5
19 5 14 7 1 4 6 3 2 5 0
19 5 14 7 1 6 5 3 2 4 0
19 7 12 7 1 6 4 3 2 0 5
19 7 12 7 0 5 6 3 2 4 1
19 7 12 7 2 5 6 0 3 4 1
19 7 12 7 2 5 0 3 4 1 6
19 7 12 3 7 2 6 0 4 5 1
19 7 12 3 2 1 6 4 5 0 7
18 8 10 3 2 1 6 4 5 7 0
19 7 12 2 1 5 6 3 4 0 7
19 7 12 2 1 6 0 3 4 5 7
19 7 12 0 2 5 1 7 3 4 6
19 9 10 7 0 5 1 2 3 4 6
19 7 12 3 2 6 7 4 1 0 5
19 11 8 0 6 7 1 2 3 4 5
19 7 12 2 1 5 6 7 4 0 3
19 7 12 2 1 6 0 7 4 5 3
19 7 12 7 2 6 0 4 5 1 3
19 7 12 7 2 1 0 4 5 3 6
19 9 10 2 1 3 0 7 4 5 6
19 7 12 0 2 6 5 7 3 4 1
19 9 10 7 0 6 5 2 3 4 1
19 9 10 7 2 4 0 5 3 6 1
19 9 10 7 2 0 6 5 4 1 3
19 9 10 7 2 0 3 5 4 6 1
18 10 8 7 2 3 0 5 4 6 1
19 9 10 7 2 6 3 5 0 4 1
19 9 10 3 2 0 6 5 4 1 7
19 9 10 3 2 0 7 5 4 6 1
19 9 10 3 2 6 7 5 0 4 1
19 7 12 0 3 1 6 2 7 4 5
19 7 12 2 3 0 6 7 4 1 5
19 7 12 2 3 1 6 7 4 5 0
18 8 10 2 3 1 0 7 4 5 6
19 7 12 7 4 2 0 5 3 1 6
19 7 12 7 4 2 6 5 3 0 1
19 7 12 3 7 1 0 5 2 4 6
19 7 12 3 7 1 6 5 2 0 4
19 7 12 0 3 1 6 2 7 4 5
19 7 12 3 1 0 6 2 7 4 5
19 7 12 3 7 0 6 2 4 1 5
19 7 12 3 7 1 6 2 4 5 0
18 8 10 3 7 1 0 2 4 5 6
18 8 10 3 7 1 0 2 4 5 6
19 7 12 0 3 1 6 2 7 4 5
19 7 12 3 1 0 6 2 7 4 5
19 7 12 3 7 0 6 2 4 1 5
19 7 12 3 7 1 6 2 4 5 0
19 9 10 3 2 1 6 5 7 4 0
19 9 10 7 2 6 1 5 3 4 0
19 11 8 0 7 6 1 2 3 4 5
19 11 8 7 6 0 1 2 3 4 5
19 11 8 0 2 1 4 7 6 3 5
19 13 6 7 2 1 4 5 6 0 3
19 9 10 3 2 1 0 4 5 7 6
19 9 10 1 2 5 0 7 3 4 6
19 11 8 7 2 3 1 5 4 6 0
19 9 10 2 3 0 1 7 4 5 6
19 9 10 3 7 0 1 2 4 5 6
19 9 10 3 7 0 1 2 4 5 6
20 6 14 4 7 2 6 3 0 1 5
20 6 14 2 4 1 7 3 0 5 6
20 8 12 6 7 2 1 3 4 5 0
20 8 12 3 7 2 1 6 4 5 0
20 8 12 7 0 2 6 5 3 4 1
20 8 12 5 2 1 6 0 3 4 7
20 8 12 2 0 1 6 5 3 4 7
20 10 10 3 2 1 6 5 0 4 7
20 8 12 6 2 1 7 0 3 4 5
19 11 8 6 0 1 7 2 3 4 5
20 8 12 1 7 2 6 3 4 5 0
20 10 10 1 7 2 3 0 4 5 6
20 8 12 5 2 1 7 0 3 4 6
20 8 12 2 0 1 7 5 3 4 6
20 10 10 3 2 1 7 5 0 4 6
20 10 10 6 2 1 7 5 3 4 0
20 6 14 2 7 1 6 3 0 4 5
19 7 12 2 7 1 6 3 4 0 5
20 6 14 5 7 1 6 3 2 4 0
20 6 14 7 4 2 6 3 0 5 1
20 8 12 7 2 6 3 0 4 5 1
20 8 12 3 0 1 6 2 4 5 7
20 8 12 3 2 1 0 6 4 5 7
20 6 14 2 4 1 6 3 0 5 7
20 6 14 7 0 5 1 3 2 4 6
20 8 12 0 2 5 1 3 4 6 7
20 8 12 3 2 6 0 7 4 1 5
20 6 14 2 4 1 6 7 0 5 3
20 6 14 7 0 2 5 3 4 6 1
20 6 14 7 0 6 5 3 2 4 1
20 8 12 2 1 7 6 3 4 5 0
20 10 10 2 1 7 3 0 4 5 6
20 10 10 7 0 2 4 5 3 1 6
20 10 10 7 2 4 0 5 3 1 6
20 10 10 7 0 1 4 5 2 3 6
20 10 10 7 2 1 4 0 5 3 6
20 10 10 7 2 1 0 5 3 6 4
20 12 8 0 2 1 4 5 3 6 7
20 10 10 7 2 6 1 5 3 0 4
20 10 10 7 2 6 4 0 3 1 5
20 10 10 7 2 0 3 5 4 1 6
19 11 8 7 2 3 0 5 4 1 6
20 10 10 0 2 6 3 5 4 1 7
20 10 10 3 2 0 7 5 4 1 6
20 10 10 0 2 6 7 5 4 1 3
20 8 12 0 2 1 7 6 4 5 3
20 8 12 5 7 2 6 0 4 1 3
20 8 12 5 2 6 0 3 4 1 7
20 8 12 5 2 1 6 0 3 4 7
20 8 12 7 2 1 5 0 4 6 3
20 8 12 7 2 6 1 0 4 5 3
20 8 12 3 2 6 0 7 4 1 5
20 10 10 0 2 6 7 5 3 4 1
20 8 12 5 2 6 0 7 4 1 3
20 10 10 0 2 6 7 5 4 1 3
20 8 12 6 2 1 5 0 3 4 7
20 6 14 0 1 6 7 3 2 4 5
19 7 12 1 0 6 7 3 2 4 5
16 8 8 1 2 6 7 3 0 4 5
17 9 8 1 2 6 7 0 3 4 5
19 9 10 1 2 6 7 3 4 0 5
19 11 8 1 2 6 7 5 3 4 0
19 11 8 1 2 6 7 5 3 4 0
20 8 12 7 2 5 6 0 4 1 3
20 8 12 6 7 2 0 3 4 5 1
20 8 12 7 2 6 1 0 4 5 3
20 8 12 7 2 5 1 6 3 4 0
20 8 12 0 2 5 7 3 4 6 1
20 8 12 0 2 5 7 3 4 6 1
20 8 12 7 2 6 5 1 3 4 0
20 10 10 0 2 6 7 5 4 1 3
20 10 10 0 2 6 3 5 4 1 7
20 8 12 2 3 1 6 5 7 4 0
20 8 12 4 2 1 7 0 3 5 6
20 8 12 4 2 1 7 3 5 0 6
20 8 12 6 2 1 7 3 4 0 5
20 6 14 7 4 2 1 0 3 5 6
20 6 14 7 4 2 1 3 5 0 6
20 10 10 5 7 1 0 2 3 4 6
20 8 12 7 1 4 6 2 0 3 5
20 8 12 7 1 4 6 2 3 5 0
19 9 10 7 1 4 0 2 3 5 6
20 8 12 7 2 1 3 6 4 0 5
20 6 14 6 7 2 5 3 4 1 0
20 6 14 6 7 0 2 3 4 1 5
20 8 12 3 2 1 0 6 4 5 7
20 8 12 3 2 1 7 6 4 0 5
20 8 12 4 2 1 6 0 3 5 7
20 8 12 4 2 1 6 3 5 0 7
19 9 10 4 2 1 6 3 5 7 0
20 6 14 2 4 6 7 3 0 1 5
20 6 14 2 6 0 7 3 4 1 5
20 8 12 4 2 6 7 0 3 1 5
20 8 12 4 2 6 7 3 1 0 5
20 8 12 5 2 6 0 3 4 1 7
20 8 12 5 2 6 7 3 4 0 1
20 10 10 6 7 1 5 2 3 0 4
20 8 12 4 2 1 6 0 7 5 3
20 8 12 4 2 1 6 7 5 0 3
20 6 14 0 7 1 6 4 2 5 3
20 6 14 7 1 0 6 4 2 5 3
19 7 12 7 1 5 6 4 2 0 3
20 6 14 3 0 2 6 4 7 1 5
19 7 12 0 3 2 6 4 7 1 5
19 7 12 3 2 0 6 4 7 1 5
20 6 14 3 7 2 6 4 1 0 5
20 8 12 0 3 2 6 7 4 1 5
20 8 12 3 2 0 6 7 4 1 5
20 10 10 0 3 2 1 7 4 5 6
20 10 10 3 7 0 2 1 4 5 6
20 8 12 7 3 2 1 5 0 4 6
20 8 12 0 7 2 1 5 3 4 6
20 8 12 7 3 2 6 5 0 1 4
20 8 12 0 7 2 6 5 3 1 4
20 8 12 0 7 1 6 5 2 3 4
20 8 12 7 1 0 6 5 2 3 4
19 9 10 7 1 3 6 5 2 0 4
20 8 12 0 2 1 6 7 5 3 4
20 8 12 6 2 1 7 0 3 4 5
20 10 10 6 2 1 7 5 3 4 0
20 10 10 6 2 0 1 5 3 4 7
20 12 8 6 2 1 4 5 3 0 7
19 13 6 6 2 1 4 5 3 7 0
20 6 14 6 7 1 5 3 2 4 0
20 6 14 6 7 0 1 3 2 4 5
20 8 12 6 7 1 4 3 2 0 5
20 8 12 3 2 6 7 0 4 5 1
20 8 12 2 0 6 7 3 4 5 1
20 10 10 1 2 6 7 3 4 5 0
20 8 12 0 2 5 1 7 4 6 3
20 8 12 7 2 5 1 4 0 6 3
19 9 10 7 2 5 1 4 6 0 3
20 10 10 3 1 7 2 0 4 5 6
20 8 12 0 3 1 6 7 2 4 5
20 8 12 7 3 0 6 2 4 1 5
20 8 12 7 3 1 6 2 4 5 0
19 9 10 7 3 1 0 2 4 5 6
19 9 10 7 3 1 0 2 4 5 6
20 8 12 7 4 1 6 2 5 0 3
20 8 12 2 7 1 6 0 4 5 3
20 8 12 7 1 5 6 2 4 0 3
20 8 12 7 1 6 0 2 4 5 3
20 8 12 7 2 1 3 6 4 0 5
20 8 12 7 2 5 1 6 4 0 3
20 8 12 7 0 2 1 6 4 5 3
20 8 12 7 2 0 3 4 5 1 6
19 9 10 7 2 3 0 4 5 1 6
20 8 12 7 2 1 3 4 5 6 0
20 10 10 2 7 1 3 0 4 5 6
20 10 10 7 1 3 0 2 4 5 6
20 8 12 5 7 0 6 3 4 2 1
20 8 12 3 2 6 5 4 0 1 7
20 8 12 2 6 0 5 3 4 1 7
20 6 14 2 1 4 6 7 3 0 5
20 6 14 2 1 6 0 7 3 4 5
20 8 12 0 2 1 6 3 7 4 5
20 8 12 3 2 0 6 7 4 1 5
20 8 12 5 2 0 1 7 3 4 6
20 10 10 5 2 1 4 7 3 0 6
20 8 12 5 2 0 6 7 3 1 4
20 8 12 5 2 1 6 7 0 3 4
20 8 12 3 2 0 7 4 5 1 6
20 8 12 3 2 1 7 4 5 6 0
20 10 10 2 3 1 7 0 4 5 6
20 10 10 3 1 7 0 2 4 5 6
20 10 10 7 1 0 5 2 3 6 4
20 8 12 6 2 1 7 3 4 0 5
20 8 12 6 2 5 1 3 4 0 7
19 9 10 6 2 5 1 3 4 7 0
20 8 12 6 0 2 1 3 4 5 7
20 8 12 6 2 1 3 7 4 0 5
20 8 12 6 2 1 3 7 4 0 5
20 8 12 6 2 5 1 7 4 0 3
20 8 12 6 0 2 1 7 4 5 3
20 8 12 3 7 0 2 5 4 1 6
20 8 12 3 7 0 6 5 4 2 1
20 8 12 3 7 2 6 5 0 4 1
20 8 12 0 2 1 5 7 3 4 6
20 8 12 0 2 1 5 7 3 4 6
20 10 10 7 0 1 5 2 3 4 6
20 8 12 0 2 1 5 7 3 4 6
20 10 10 7 0 1 5 2 3 4 6
20 6 14 4 0 2 6 7 3 1 5
19 7 12 4 3 2 6 7 0 1 5
19 7 12 4 3 2 6 7 0 1 5
19 7 12 4 2 0 6 7 3 1 5
20 6 14 7 0 4 6 3 1 2 5
20 6 14 7 4 6 0 3 1 2 5
20 6 14 7 4 2 0 3 1 5 6
20 8 12 0 2 6 1 7 3 4 5
18 10 8 1 2 6 0 7 3 4 5
18 10 8 1 2 6 0 7 3 4 5
19 11 8 1 2 0 6 7 3 4 5
19 11 8 1 2 0 6 7 3 4 5
20 8 12 7 2 0 3 4 1 6 5
19 9 10 7 2 3 0 4 1 6 5
20 8 12 7 2 6 3 4 1 5 0
20 8 12 7 2 0 5 6 3 1 4
20 8 12 7 2 1 5 6 0 3 4
19 9 10 7 2 1 5 0 6 3 4
20 8 12 7 2 4 1 6 0 3 5
19 9 10 7 2 4 1 0 6 3 5
19 11 8 7 2 4 1 5 6 3 0
20 8 12 7 2 4 1 6 3 5 0
20 10 10 7 2 4 0 5 3 1 6
20 10 10 7 2 6 1 5 3 0 4
20 8 12 7 2 0 5 4 1 6 3
20 8 12 7 2 6 5 4 1 3 0
20 10 10 7 2 1 6 5 4 0 3
20 8 12 6 2 0 5 7 3 1 4
20 8 12 6 2 1 5 7 0 3 4
20 8 12 6 2 4 1 7 0 3 5
20 8 12 6 2 4 1 7 3 5 0
20 10 10 6 2 1 4 0 7 3 5
20 10 10 1 4 7 2 3 0 5 6
20 12 8 1 6 7 0 2 3 4 5
20 6 14 7 0 4 6 3 1 2 5
20 6 14 7 1 4 6 0 3 2 5
20 6 14 7 1 4 0 3 2 5 6
19 7 12 7 1 0 4 3 2 5 6
20 6 14 7 1 6 5 3 2 0 4
20 8 12 7 1 0 4 3 2 6 5
20 8 12 7 1 6 4 3 0 2 5
20 8 12 7 1 6 4 3 2 5 0
20 8 12 0 7 5 6 3 2 4 1
20 8 12 0 2 5 6 7 3 4 1
20 10 10 7 0 5 6 2 3 4 1
20 8 12 3 2 0 6 4 5 1 7
20 10 10 3 2 1 6 0 5 7 4
19 11 8 3 2 1 6 5 0 7 4
20 8 12 2 1 5 6 3 0 4 7
20 8 12 2 1 5 6 3 4 7 0
20 8 12 2 1 6 7 3 4 5 0
20 10 10 0 7 5 1 2 3 4 6
20 10 10 7 5 0 1 2 3 4 6
20 8 12 3 2 0 7 4 1 6 5
20 8 12 3 2 6 7 4 1 5 0
20 8 12 2 1 5 6 7 0 4 3
20 8 12 2 1 5 6 7 4 3 0
20 8 12 2 1 6 3 7 4 5 0
20 8 12 7 2 6 3 4 5 1 0
20 10 10 7 2 6 4 0 5 1 3
19 11 8 7 2 6 4 5 0 1 3
20 8 12 7 2 0 1 4 5 3 6
19 9 10 7 2 3 1 4 5 0 6
19 9 10 7 2 3 1 4 5 0 6
20 10 10 7 2 1 4 0 5 3 6
20 10 10 1 2 6 5 7 3 4 0
20 10 10 0 7 6 5 2 3 4 1
20 10 10 7 6 0 5 2 3 4 1
20 10 10 7 2 1 6 5 4 0 3
20 12 8 0 2 3 7 5 4 6 1
20 10 10 3 2 1 6 5 4 0 7
19 11 8 3 2 1 6 5 4 7 0
20 10 10 3 2 7 0 5 4 6 1
20 8 12 2 0 3 6 7 4 1 5
19 9 10 0 2 3 6 7 4 1 5
20 10 10 0 3 1 2 7 4 5 6
20 8 12 7 4 0 2 5 3 1 6
20 8 12 7 4 0 6 5 3 2 1
20 8 12 7 4 2 6 5 0 3 1
20 8 12 3 7 0 1 5 2 4 6
20 10 10 3 7 1 4 5 2 0 6
20 8 12 3 7 0 6 5 2 1 4
20 8 12 3 7 1 6 5 0 2 4
20 8 12 3 1 4 6 2 7 0 5
20 8 12 3 0 7 6 2 4 1 5
20 8 12 3 1 4 6 2 7 0 5
20 8 12 3 0 7 6 2 4 1 5
20 10 10 3 2 1 0 5 7 4 6
20 10 10 3 2 1 6 5 7 0 4
20 10 10 7 2 6 1 5 3 0 4
20 12 8 7 6 1 0 2 3 4 5
20 14 6 7 2 0 4 5 6 1 3
20 10 10 3 2 0 1 4 5 7 6
20 12 8 3 2 1 4 0 5 7 6
19 13 6 3 2 1 4 5 0 7 6
20 10 10 1 2 5 6 7 3 4 0
20 10 10 1 2 0 5 7 3 4 6
20 12 8 1 2 5 4 7 3 0 6
20 12 8 7 2 3 1 5 4 0 6
20 10 10 2 0 3 1 7 4 5 6
20 10 10 3 0 7 1 2 4 5 6
20 10 10 3 0 7 1 2 4 5 6
20 10 10 6 2 1 7 5 3 4 0
20 12 8 0 6 1 7 2 3 4 5
20 12 8 6 1 0 7 2 3 4 5
20 8 12 2 7 0 6 3 4 1 5
20 8 12 2 7 1 6 3 4 5 0
19 9 10 2 7 1 0 3 4 5 6
19 9 10 2 7 1 0 3 4 5 6
20 10 10 1 2 5 0 3 4 6 7
20 12 8 7 2 3 6 5 4 1 0
20 8 12 1 6 0 7 3 2 4 5
20 10 10 1 2 0 7 3 4 6 5
20 10 10 1 2 6 7 3 4 5 0
20 12 8 1 2 6 0 5 3 4 7
20 12 8 1 2 6 7 5 3 0 4
20 12 8 1 2 6 0 5 3 4 7
20 12 8 1 2 6 7 5 3 0 4
20 10 10 7 1 0 4 2 3 5 6
20 10 10 4 2 1 0 3 5 7 6
20 10 10 4 2 6 7 5 3 1 0
20 10 10 4 2 6 7 5 3 1 0
20 8 12 7 1 5 6 4 0 2 3
20 8 12 7 1 5 6 4 2 3 0
20 8 12 4 3 2 6 0 7 1 5
20 8 12 3 2 1 6 4 7 0 5
19 9 10 3 2 1 6 4 0 7 5
20 8 12 3 2 6 0 4 7 1 5
20 10 10 1 7 2 0 5 3 4 6
20 10 10 7 1 3 6 5 0 2 4
20 10 10 7 1 3 6 5 2 4 0
20 10 10 1 2 5 0 7 4 6 3
20 10 10 7 2 0 1 4 6 5 3
20 10 10 7 2 5 1 4 6 3 0
20 10 10 7 3 0 1 2 4 5 6
20 10 10 7 3 0 1 2 4 5 6
20 10 10 7 2 3 6 4 5 1 0
20 12 8 7 2 3 4 0 5 1 6
19 13 6 7 2 3 4 5 0 1 6
20 10 10 6 2 5 0 3 4 7 1
20 8 12 4 3 2 6 0 7 1 5
20 8 12 4 3 2 6 7 1 0 5
20 8 12 4 3 2 6 0 7 1 5
20 8 12 4 3 2 6 7 1 0 5
20 8 12 4 2 6 0 7 3 1 5
20 8 12 4 2 1 6 7 3 0 5
20 8 12 4 2 6 0 7 3 1 5
20 12 8 1 0 2 6 7 3 4 5
20 12 8 1 0 2 6 7 3 4 5
20 10 10 7 2 3 5 4 1 6 0
20 12 8 7 2 3 4 0 1 6 5
20 12 8 7 2 1 0 5 6 3 4
20 10 10 0 2 1 5 7 6 3 4
20 12 8 7 2 1 0 5 6 3 4
20 10 10 0 2 4 1 7 6 3 5
20 12 8 7 2 4 0 5 6 3 1
19 13 6 7 2 0 4 5 6 3 1
18 14 4 7 2 3 4 5 6 0 1
19 13 6 7 2 0 4 5 6 3 1
19 15 4 7 2 3 4 5 6 1 0
20 12 8 7 2 4 1 5 6 0 3
20 12 8 6 2 1 4 5 7 3 0
20 8 12 7 1 4 6 5 3 2 0
20 8 12 7 1 5 4 3 2 0 6
20 8 12 7 0 1 4 3 2 5 6
19 9 10 7 2 1 4 3 0 5 6
20 12 8 7 2 6 4 5 1 0 3
20 10 10 7 2 3 1 4 0 5 6
20 10 10 7 2 3 1 4 5 6 0
20 10 10 7 2 3 1 4 0 5 6
20 10 10 7 2 3 1 4 5 6 0
20 12 8 3 2 1 0 5 4 7 6
20 10 10 7 2 3 6 0 4 1 5
20 10 10 2 7 0 1 3 4 5 6
20 10 10 2 7 0 1 3 4 5 6
20 12 8 0 2 1 4 3 5 7 6
20 12 8 0 2 1 4 3 5 7 6
20 10 10 3 2 1 6 0 4 7 5
20 10 10 3 2 1 6 0 4 7 5
20 14 6 7 2 3 4 5 1 0 6
20 10 10 0 2 6 4 7 3 1 5
20 10 10 0 2 6 4 7 3 1 5
20 10 10 0 2 6 4 7 3 1 5
20 14 6 7 2 3 4 5 1 6 0
20 12 8 1 2 4 0 7 6 3 5
19 13 6 1 2 0 4 7 6 3 5
18 14 4 1 2 3 4 7 6 0 5
19 15 4 1 2 3 4 7 6 5 0
20 10 10 7 2 1 4 0 3 5 6
20 10 10 7 2 1 4 0 3 5 6
20 10 10 7 2 1 4 3 5 0 6
21 7 14 2 7 1 6 0 3 4 5
21 9 12 4 2 1 3 7 0 5 6
21 7 14 3 7 2 0 6 4 1 5
21 7 14 2 1 5 7 3 4 0 6
21 7 14 3 7 2 1 4 0 5 6
21 11 10 7 2 1 4 0 3 6 5
21 9 12 7 2 1 5 6 4 0 3
21 7 14 7 0 1 3 4 2 5 6
21 7 14 5 7 2 0 3 4 1 6
21 9 12 5 7 0 6 3 4 1 2
21 7 14 7 0 2 5 3 4 1 6
21 9 12 4 2 6 5 3 0 1 7
21 7 14 3 0 1 6 7 2 4 5
21 9 12 5 2 0 6 7 3 4 1
21 7 14 3 0 1 7 4 2 5 6
18 8 10 0 3 1 7 4 2 5 6
19 9 10 4 3 1 7 0 2 5 6
20 10 10 7 3 1 0 4 2 5 6
20 10 10 4 3 1 7 2 0 5 6
20 10 10 4 3 1 7 2 0 5 6
21 11 10 7 1 0 5 2 3 4 6
21 11 10 0 1 6 5 2 3 4 7
21 9 12 6 2 1 5 3 4 0 7
20 10 10 6 2 1 5 3 4 7 0
21 9 12 6 2 1 3 0 4 5 7
21 9 12 6 2 1 5 7 4 0 3
21 9 12 6 2 1 7 0 4 5 3
21 9 12 3 7 0 6 5 4 1 2
21 9 12 0 7 2 6 5 4 1 3
21 7 14 7 0 2 5 3 4 1 6
21 7 14 7 0 1 5 3 2 4 6
21 9 12 0 2 1 5 3 4 6 7
21 7 14 7 0 2 6 4 3 1 5
20 8 12 7 3 2 6 4 0 1 5
20 8 12 7 3 2 6 4 0 1 5
20 8 12 7 2 0 6 4 3 1 5
21 7 14 7 4 2 0 6 3 1 5
21 7 14 7 0 2 1 3 4 6 5
21 7 14 7 0 6 1 3 2 4 5
21 9 12 0 2 6 1 3 4 5 7
21 7 14 2 0 6 3 7 4 1 5
21 9 12 4 2 6 3 7 0 1 5
21 9 12 5 2 6 3 7 4 1 0
21 7 14 7 0 6 3 4 2 1 5
21 9 12 7 2 0 5 6 3 4 1
21 9 12 0 2 1 5 6 3 4 7
21 7 14 7 0 2 1 6 3 4 5
21 7 14 2 0 6 5 7 4 1 3
21 9 12 4 2 6 5 7 0 1 3
21 9 12 3 2 6 5 7 4 1 0
21 7 14 7 0 6 5 4 2 1 3
21 11 10 7 2 6 1 5 4 0 3
21 9 12 6 2 0 5 7 3 4 1
21 7 14 6 0 2 1 7 3 4 5
21 9 12 1 7 5 2 3 4 0 6
21 7 14 3 0 1 6 7 2 4 5
21 7 14 3 7 1 0 6 2 4 5
21 7 14 7 1 6 3 0 2 4 5
21 9 12 0 2 5 6 3 4 1 7
21 9 12 0 2 6 1 3 4 5 7
21 7 14 3 0 1 6 4 2 5 7
20 8 12 0 3 1 6 4 2 5 7
21 9 12 7 2 5 0 1 3 4 6
21 9 12 7 2 5 3 0 4 6 1
21 7 14 3 0 6 7 4 2 1 5
21 7 14 7 0 2 6 4 5 1 3
21 9 12 7 2 0 6 4 5 3 1
20 10 10 7 2 3 6 4 5 0 1
20 10 10 7 2 3 6 4 5 0 1
21 9 12 0 2 1 6 4 5 3 7
21 9 12 7 2 5 3 0 4 6 1
21 9 12 7 0 4 1 5 2 3 6
21 9 12 7 2 4 1 0 5 3 6
21 11 10 7 2 0 1 5 3 6 4
21 11 10 0 2 4 1 5 3 6 7
21 11 10 7 2 6 1 5 4 0 3
21 11 10 3 2 6 1 5 4 0 7
20 12 8 3 2 6 1 5 4 7 0
21 11 10 7 0 2 4 5 3 6 1
21 11 10 7 0 2 4 5 3 6 1
21 11 10 7 0 6 4 5 2 3 1
21 11 10 7 2 6 4 0 5 3 1
21 9 12 7 4 0 6 5 3 1 2
21 9 12 0 4 2 6 5 3 1 7
21 9 12 3 7 0 6 5 2 4 1
21 9 12 0 7 1 6 5 2 4 3
21 9 12 6 2 1 7 0 4 5 3
21 9 12 5 2 6 7 0 4 1 3
21 11 10 0 7 2 3 1 4 5 6
21 9 12 7 3 1 6 5 2 4 0
21 9 12 6 7 1 0 2 4 5 3
21 9 12 0 2 5 7 3 4 1 6
21 9 12 3 2 6 5 7 4 1 0
21 9 12 0 2 1 5 7 3 4 6
21 9 12 6 2 1 7 0 4 5 3
21 9 12 6 2 1 3 0 4 5 7
21 9 12 6 2 1 3 0 4 5 7
21 9 12 0 7 2 3 5 4 1 6
21 9 12 0 2 5 7 3 4 1 6
21 9 12 0 2 1 7 3 4 6 5
21 7 14 6 4 2 0 7 3 1 5
21 7 14 7 4 2 6 0 1 5 3
21 9 12 0 2 1 7 3 4 6 5
21 15 6 0 2 1 4 5 6 3 7
21 11 10 6 2 1 4 0 3 5 7
21 7 14 7 1 4 6 0 2 5 3
20 8 12 7 1 4 6 2 0 5 3
21 7 14 7 1 6 5 0 2 4 3
21 9 12 7 2 5 6 1 3 4 0
21 9 12 0 2 5 7 3 4 1 6
21 9 12 3 7 2 6 1 4 5 0
21 9 12 3 7 2 6 1 4 5 0
21 11 10 3 2 0 6 4 5 7 1
21 11 10 0 2 1 6 4 5 7 3
21 9 12 0 1 6 2 3 4 5 7
21 9 12 0 1 6 2 7 4 5 3
21 9 12 0 2 6 7 4 5 1 3
21 9 12 0 2 1 7 4 5 3 6
21 11 10 0 1 3 2 7 4 5 6
21 9 12 5 2 6 0 7 3 4 1
21 11 10 0 2 4 7 5 3 6 1
21 13 8 7 2 3 6 5 4 0 1
21 9 12 2 3 1 6 0 4 5 7
21 9 12 0 4 2 7 5 3 1 6
21 9 12 0 7 1 3 5 2 4 6
21 9 12 3 7 1 6 0 4 5 2
21 11 10 3 7 1 2 0 4 5 6
21 11 10 3 7 1 2 0 4 5 6
21 9 12 3 7 1 6 0 4 5 2
21 13 8 1 7 6 0 2 3 4 5
21 11 10 0 2 1 3 4 5 7 6
21 7 14 4 0 2 6 3 7 1 5
20 8 12 4 2 0 6 3 7 1 5
21 7 14 4 7 2 6 0 3 1 5
21 7 14 4 7 2 6 3 1 0 5
21 7 14 2 4 1 7 0 3 5 6
18 8 10 0 4 1 7 2 3 5 6
19 9 10 4 0 1 7 2 3 5 6
19 9 10 4 0 1 7 2 3 5 6
20 10 10 7 4 1 0 2 3 5 6
20 10 10 4 1 0 7 2 3 5 6
20 10 10 4 1 0 7 2 3 5 6
21 7 14 2 4 1 7 3 5 0 6
21 9 12 3 7 2 0 6 4 5 1
21 9 12 3 7 2 0 6 4 5 1
21 9 12 7 3 2 6 5 0 4 1
21 9 12 0 7 2 6 5 3 4 1
21 9 12 5 2 1 6 3 0 4 7
21 11 10 5 0 1 6 2 3 4 7
21 9 12 2 3 1 6 5 0 4 7
21 9 12 2 1 0 6 5 3 4 7
21 9 12 6 2 1 7 3 0 4 5
21 9 12 1 7 2 6 3 4 0 5
21 11 10 0 7 2 3 1 4 5 6
21 11 10 1 7 2 3 4 0 5 6
21 9 12 5 2 1 7 3 0 4 6
21 11 10 5 0 1 7 2 3 4 6
21 9 12 2 3 1 7 5 0 4 6
21 9 12 2 1 0 7 5 3 4 6
21 11 10 3 2 1 7 5 4 0 6
21 11 10 6 2 1 7 5 3 0 4
21 7 14 2 0 1 6 3 7 4 5
21 7 14 2 0 1 6 3 7 4 5
21 7 14 2 7 1 6 0 3 4 5
21 7 14 5 7 1 0 3 2 4 6
21 7 14 5 7 1 6 3 2 0 4
21 7 14 7 4 2 6 0 3 5 1
21 7 14 7 4 2 6 3 5 0 1
21 9 12 0 2 6 3 7 4 5 1
21 9 12 7 2 6 3 4 0 5 1
21 9 12 3 4 1 6 2 0 5 7
21 9 12 0 3 1 6 2 4 5 7
21 9 12 3 1 0 6 2 4 5 7
21 9 12 3 2 0 1 6 4 5 7
21 7 14 2 4 1 6 0 3 5 7
20 8 12 0 4 1 6 2 3 5 7
21 7 14 2 4 1 6 3 5 0 7
20 8 12 2 4 1 6 3 5 7 0
21 7 14 0 7 5 1 3 2 4 6
21 7 14 7 5 0 1 3 2 4 6
21 9 12 3 2 5 1 0 4 6 7
21 9 12 2 0 5 1 3 4 6 7
21 9 12 3 2 6 5 7 4 1 0
21 7 14 2 4 1 6 0 7 5 3
20 8 12 0 4 1 6 2 7 5 3
21 7 14 2 4 1 6 7 5 0 3
21 7 14 7 4 2 5 3 0 6 1
20 8 12 7 4 2 5 3 6 0 1
21 7 14 0 7 2 5 3 4 6 1
21 7 14 0 7 6 5 3 2 4 1
21 7 14 7 6 0 5 3 2 4 1
21 9 12 2 1 7 6 3 4 0 5
21 11 10 0 1 7 3 2 4 5 6
21 11 10 7 3 2 4 5 0 1 6
21 11 10 0 7 2 4 5 3 1 6
21 11 10 0 7 1 4 5 2 3 6
21 11 10 7 1 0 4 5 2 3 6
20 12 8 7 1 3 4 5 2 0 6
21 11 10 0 2 1 4 7 5 3 6
21 11 10 7 2 0 1 5 3 6 4
21 11 10 7 2 0 1 5 3 6 4
21 11 10 7 2 6 1 5 0 3 4
21 11 10 7 2 6 4 3 0 1 5
21 11 10 7 2 1 3 5 4 0 6
21 13 8 0 2 3 7 5 4 1 6
21 11 10 3 2 1 7 5 4 0 6
21 11 10 3 2 7 0 5 4 1 6
21 9 12 6 2 1 7 0 4 5 3
21 9 12 2 0 1 7 6 4 5 3
21 9 12 0 7 2 6 5 4 1 3
21 9 12 5 2 0 6 3 4 1 7
21 9 12 5 2 1 6 3 0 4 7
21 11 10 5 0 1 6 2 3 4 7
21 9 12 0 2 1 5 7 4 6 3
21 9 12 7 2 1 5 4 0 6 3
20 10 10 7 2 1 5 4 6 0 3
21 11 10 7 2 1 0 5 4 6 3
21 9 12 0 2 6 1 7 4 5 3
21 9 12 7 2 6 1 4 0 5 3
21 9 12 3 2 6 5 7 4 1 0
21 9 12 5 2 6 3 7 4 1 0
21 9 12 5 2 0 6 7 4 1 3
21 9 12 0 2 1 5 6 3 4 7
21 9 12 6 2 1 5 3 0 4 7
21 11 10 6 0 1 5 2 3 4 7
21 7 14 3 1 6 7 0 2 4 5
21 9 12 0 2 5 6 7 4 1 3
21 9 12 7 2 5 6 4 0 1 3
21 9 12 6 7 0 2 3 4 5 1
21 9 12 0 2 6 1 7 4 5 3
21 9 12 7 2 6 1 4 0 5 3
21 9 12 7 2 5 0 6 3 4 1
21 9 12 7 2 5 0 6 3 4 1
21 9 12 7 2 5 1 6 3 0 4
21 9 12 3 2 5 7 0 4 6 1
21 11 10 1 2 5 7 3 4 6 0
21 9 12 3 2 5 7 0 4 6 1
21 11 10 1 2 5 7 3 4 6 0
21 9 12 7 2 6 0 1 3 4 5
21 9 12 7 2 6 0 1 3 4 5
21 9 12 7 2 6 5 1 3 0 4
21 9 12 2 3 1 0 5 7 4 6
21 9 12 2 3 1 6 5 7 0 4
20 10 10 2 3 1 6 5 0 7 4
21 9 12 0 2 1 7 4 3 5 6
21 9 12 4 2 0 7 3 5 1 6
21 9 12 4 2 1 7 3 5 6 0
21 9 12 6 2 0 7 3 4 1 5
21 9 12 6 2 1 7 3 0 4 5
21 7 14 0 4 2 1 7 3 5 6
19 9 10 1 4 2 0 7 3 5 6
20 10 10 1 4 0 2 7 3 5 6
21 7 14 7 4 0 1 3 5 2 6
21 7 14 7 4 2 1 3 5 6 0
21 11 10 5 7 0 1 2 3 4 6
21 9 12 7 0 4 6 2 1 3 5
21 11 10 0 1 4 7 2 3 5 6
21 9 12 7 2 0 3 6 4 1 5
20 10 10 7 2 3 0 6 4 1 5
20 10 10 7 2 3 0 6 4 1 5
21 9 12 7 2 1 3 6 0 4 5
20 10 10 7 2 1 3 0 6 4 5
20 12 8 7 2 1 3 5 6 4 0
21 7 14 6 7 2 5 3 4 0 1
21 7 14 6 7 2 5 3 4 0 1
21 7 14 6 7 1 2 3 4 0 5
20 8 12 6 7 1 2 3 4 5 0
21 7 14 6 0 7 2 3 4 1 5
21 9 12 3 2 0 1 6 4 5 7
21 9 12 3 2 1 7 6 0 4 5
20 10 10 3 2 1 7 0 6 4 5
20 12 8 3 2 1 7 5 6 4 0
21 9 12 3 2 0 7 6 4 1 5
21 9 12 3 2 1 7 6 0 4 5
21 9 12 0 2 1 6 4 3 5 7
21 9 12 4 2 0 6 3 5 1 7
21 11 10 4 2 1 6 0 5 7 3
20 12 8 4 2 1 6 5 0 7 3
21 7 14 2 4 6 7 0 3 1 5
20 8 12 0 4 6 7 2 3 1 5
21 7 14 2 4 6 7 3 1 0 5
21 7 14 2 6 1 7 3 4 0 5
20 8 12 2 6 1 7 3 4 5 0
21 7 14 2 6 7 0 3 4 1 5
21 9 12 0 2 6 7 4 3 1 5
21 9 12 4 2 0 7 3 1 6 5
21 9 12 4 2 6 7 3 1 5 0
21 9 12 5 2 0 6 3 4 1 7
21 9 12 5 2 0 7 3 4 6 1
21 9 12 5 2 6 7 3 0 4 1
21 11 10 6 7 0 5 2 3 1 4
21 9 12 0 2 1 6 4 7 5 3
21 9 12 4 2 0 6 7 5 1 3
21 9 12 4 2 1 6 7 5 3 0
21 7 14 4 7 1 6 0 2 5 3
20 8 12 4 7 1 6 2 0 5 3
20 8 12 4 7 1 6 2 0 5 3
21 7 14 7 1 6 0 4 2 5 3
21 7 14 3 7 0 6 4 1 2 5
21 7 14 3 7 2 6 4 1 5 0
21 9 12 7 3 2 6 0 4 1 5
21 11 10 7 3 2 1 0 4 5 6
21 11 10 3 0 7 2 1 4 5 6
21 9 12 7 3 2 1 5 4 0 6
21 9 12 7 3 2 6 0 5 1 4
21 9 12 7 3 2 6 5 1 0 4
21 9 12 7 1 6 0 5 2 3 4
20 10 10 7 1 6 4 5 2 3 0
21 9 12 6 2 1 7 3 0 4 5
21 11 10 6 2 1 7 5 3 0 4
21 11 10 6 2 4 1 5 3 0 7
20 12 8 6 2 4 1 5 3 7 0
21 13 8 6 2 0 4 5 3 1 7
21 13 8 6 2 1 4 5 0 3 7
21 7 14 6 7 1 5 3 2 0 4
21 7 14 6 7 4 1 3 2 0 5
21 7 14 6 0 7 1 3 2 4 5
20 8 12 6 2 7 1 3 0 4 5
21 9 12 6 7 0 4 3 2 1 5
21 9 12 6 7 1 4 3 0 2 5
21 9 12 6 7 1 4 3 2 5 0
21 9 12 3 2 6 7 4 0 5 1
21 9 12 2 6 0 7 3 4 5 1
21 11 10 1 2 6 0 3 4 5 7
21 9 12 7 0 3 6 2 4 1 5
21 9 12 7 4 0 6 2 5 1 3
21 9 12 7 4 1 6 2 5 3 0
