0 0 0 7 2 1 6 3 4 0 5
13 1 12 7 2 1 6 3 4 5 0
14 2 12 7 2 1 0 3 4 5 6
16 4 12 0 2 1 7 3 4 5 6
15 5 10 3 2 1 7 0 4 5 6
15 5 10 2 0 1 7 3 4 5 6
14 6 8 2 1 0 7 3 4 5 6
13 7 6 2 1 5 7 3 4 0 6
12 8 4 2 1 5 7 3 4 6 0
15 7 8 3 2 1 7 6 4 5 0
15 7 8 2 1 7 0 3 4 5 6
15 9 6 2 1 5 0 3 4 6 7
16 6 10 3 2 1 7 4 0 5 6
16 8 8 3 0 1 7 2 4 5 6
15 9 6 3 1 0 7 2 4 5 6
14 10 4 3 1 5 7 2 4 0 6
13 11 2 3 1 5 7 2 4 6 0
16 6 10 2 4 1 7 3 0 5 6
16 8 8 2 1 5 7 3 0 4 6
16 8 8 2 1 7 6 3 4 5 0
16 10 6 3 1 7 0 2 4 5 6
16 12 4 3 1 5 0 2 4 6 7
17 1 16 7 2 0 6 3 4 1 5
16 2 14 7 2 6 0 3 4 1 5
15 3 12 7 2 6 5 3 4 1 0
17 1 16 7 2 1 6 3 0 4 5
17 3 14 7 2 0 1 3 4 5 6
16 4 12 7 2 5 1 3 4 0 6
15 5 10 7 2 5 1 3 4 6 0
17 5 12 7 2 1 5 3 4 0 6
16 6 10 7 2 1 5 3 4 6 0
17 7 10 6 2 1 7 3 4 5 0
17 7 10 3 0 1 7 4 2 5 6
16 8 8 3 1 0 7 4 2 5 6
15 9 6 3 1 5 7 4 2 0 6
14 10 4 3 1 5 7 4 2 6 0
17 7 10 3 2 1 7 4 5 0 6
16 8 8 3 2 1 7 4 5 6 0
17 9 8 3 4 1 7 2 0 5 6
17 9 8 0 3 1 7 2 4 5 6
17 11 6 3 1 5 7 2 0 4 6
17 7 10 2 4 1 7 0 3 5 6
17 7 10 2 4 1 7 3 5 0 6
16 8 8 2 4 1 7 3 5 6 0
17 9 8 2 1 5 7 0 3 4 6
17 11 6 3 1 7 6 2 4 5 0
17 9 8 3 1 7 0 4 2 5 6
17 11 6 3 1 5 0 4 2 6 7
17 9 8 2 4 1 7 6 3 5 0
17 11 6 2 1 5 7 6 3 4 0
18 4 14 0 2 1 6 3 4 5 7
17 5 12 3 2 1 6 0 4 5 7
17 5 12 2 0 1 6 3 4 5 7
16 6 10 2 1 0 6 3 4 5 7
15 7 8 2 1 5 6 3 4 0 7
15 7 8 2 1 5 6 3 4 0 7
15 7 8 2 1 6 0 3 4 5 7
14 8 6 2 1 6 7 3 4 5 0
16 6 10 2 1 0 6 3 4 5 7
16 8 8 2 1 5 6 3 4 7 0
16 8 8 2 1 5 6 3 4 7 0
17 9 8 2 1 6 7 3 4 0 5
17 9 8 2 1 5 0 3 4 7 6
17 9 8 2 1 5 0 3 4 7 6
18 10 8 2 1 5 7 0 4 6 3
18 8 10 3 2 1 0 6 4 5 7
18 8 10 3 2 1 7 6 4 0 5
18 10 8 2 1 7 5 3 4 0 6
17 11 6 2 1 7 5 3 4 6 0
18 10 8 2 1 0 5 3 4 6 7
18 4 14 0 2 6 7 3 4 1 5
17 5 12 3 2 6 7 0 4 1 5
17 5 12 2 0 6 7 3 4 1 5
17 7 10 5 2 6 7 3 4 1 0
17 7 10 3 2 6 7 5 4 1 0
18 4 14 7 2 6 5 3 4 0 1
18 2 16 7 0 1 6 3 2 4 5
17 3 14 7 1 0 6 3 2 4 5
16 4 12 7 1 6 0 3 2 4 5
15 5 10 7 1 6 5 3 2 4 0
18 2 16 7 2 1 6 0 3 4 5
16 4 12 7 2 1 6 5 3 4 0
17 5 12 7 2 1 0 5 3 4 6
17 5 12 7 2 1 6 5 3 0 4
18 6 12 7 2 5 0 3 4 6 1
18 8 10 0 3 1 7 4 2 5 6
18 10 8 3 1 5 7 4 0 2 6
18 10 8 3 4 1 7 2 5 0 6
17 11 6 3 4 1 7 2 5 6 0
18 10 8 2 3 1 7 0 4 5 6
18 12 6 6 3 1 7 2 4 5 0
18 8 10 0 4 1 7 2 3 5 6
18 10 8 0 1 5 7 2 3 4 6
17 11 6 1 0 5 7 2 3 4 6
16 12 4 1 3 5 7 2 0 4 6
15 13 2 1 3 5 7 2 4 0 6
