0 0 0 7 2 1 6 3 4 0 5
0 1 12 7 2 0 6 3 4 1 5
0 1 12 7 2 1 6 3 0 4 5
0 1 12 7 2 1 6 3 4 5 0
0 2 10 7 2 1 0 3 4 5 6
0 3 10 7 2 0 1 3 4 5 6
0 4 10 0 2 1 7 3 4 5 6
0 5 10 7 2 1 3 0 4 5 6
0 4 10 7 0 2 1 3 4 5 6
0 5 10 3 2 1 7 0 4 5 6
0 5 10 2 0 1 7 3 4 5 6
0 6 10 0 2 1 3 7 4 5 6
0 8 10 7 0 1 3 2 4 5 6
0 5 10 0 7 2 1 3 4 5 6
0 8 10 3 0 1 7 2 4 5 6
0 8 10 3 2 1 0 7 4 5 6
0 6 10 2 1 0 7 3 4 5 6
0 7 10 2 0 1 3 7 4 5 6
0 8 10 3 2 1 0 7 4 5 6
0 9 10 7 4 1 3 2 0 5 6
0 9 10 0 7 1 3 2 4 5 6
0 9 10 7 1 0 3 2 4 5 6
0 6 10 3 7 2 1 0 4 5 6
0 7 10 1 7 2 0 3 4 5 6
0 9 10 3 4 1 7 2 0 5 6
0 9 10 0 3 1 7 2 4 5 6
0 9 10 3 1 0 7 2 4 5 6
0 9 10 3 2 0 1 7 4 5 6
0 7 10 2 1 7 0 3 4 5 6
0 8 10 2 1 0 3 7 4 5 6
0 9 10 3 2 0 1 7 4 5 6
0 10 10 2 7 1 3 0 4 5 6
0 11 10 3 7 1 0 2 4 5 6
0 12 10 4 7 1 3 2 0 5 6
0 10 10 7 1 3 0 2 4 5 6
0 9 10 3 0 2 1 7 4 5 6
0 9 10 3 7 2 0 1 4 5 6
0 8 10 1 7 0 2 3 4 5 6
0 10 10 1 7 2 3 0 4 5 6
0 10 10 2 3 1 7 0 4 5 6
0 11 10 7 3 1 0 2 4 5 6
0 12 10 4 3 1 7 2 0 5 6
0 10 10 3 1 7 0 2 4 5 6
0 10 10 3 0 2 1 7 4 5 6
0 9 10 0 1 7 2 3 4 5 6
0 10 10 2 1 7 3 0 4 5 6
0 9 10 2 1 3 0 7 4 5 6
0 10 10 3 0 2 1 7 4 5 6
0 13 10 2 7 1 0 3 4 5 6
0 12 10 3 7 0 1 2 4 5 6
0 14 10 3 7 1 2 0 4 5 6
0 13 10 4 0 1 3 2 7 5 6
0 12 10 0 1 3 7 2 4 5 6
0 13 10 7 1 3 2 0 4 5 6
0 10 10 0 3 2 1 7 4 5 6
0 10 10 3 7 0 2 1 4 5 6
0 11 10 0 7 2 3 1 4 5 6
0 9 10 1 0 7 2 3 4 5 6
0 11 10 0 7 2 3 1 4 5 6
0 11 10 1 7 2 3 4 0 5 6
0 13 10 1 0 2 3 7 4 5 6
0 11 10 2 3 1 7 4 0 5 6
0 13 10 2 3 1 0 7 4 5 6
0 12 10 7 3 0 1 2 4 5 6
0 14 10 7 3 1 2 0 4 5 6
0 13 10 4 0 1 7 2 3 5 6
0 13 10 4 3 1 7 0 2 5 6
0 12 10 0 1 7 3 2 4 5 6
0 13 10 3 1 7 2 0 4 5 6
0 11 10 0 3 2 1 7 4 5 6
0 10 10 3 1 7 2 0 4 5 6
0 10 10 1 0 7 2 3 4 5 6
0 11 10 0 1 7 3 2 4 5 6
0 13 10 2 0 7 3 1 4 5 6
0 11 10 0 1 3 2 7 4 5 6
0 12 10 2 1 3 7 0 4 5 6
0 11 10 0 3 2 1 7 4 5 6
0 14 10 2 7 0 1 3 4 5 6
0 15 10 0 7 1 2 3 4 5 6
0 13 10 3 0 7 1 2 4 5 6
0 15 10 0 7 1 2 3 4 5 6
0 17 10 3 0 1 2 7 4 5 6
0 14 10 0 4 1 3 2 7 5 6
0 14 10 4 1 0 3 2 7 5 6
0 13 10 2 1 3 7 0 4 5 6
0 13 10 1 0 3 7 2 4 5 6
0 15 10 4 1 3 7 2 0 5 6
0 14 10 0 1 3 2 7 4 5 6
0 16 10 7 0 3 2 1 4 5 6
0 11 10 7 3 2 1 0 4 5 6
0 12 10 1 3 2 0 7 4 5 6
0 13 10 4 3 2 1 7 0 5 6
0 11 10 3 0 7 2 1 4 5 6
0 12 10 7 0 2 3 1 4 5 6
0 10 10 1 4 7 2 3 0 5 6
0 12 10 7 0 2 3 1 4 5 6
0 12 10 1 0 2 3 4 7 5 6
0 14 10 1 4 2 3 7 0 5 6
0 14 10 0 1 2 3 7 4 5 6
0 14 10 1 2 0 3 7 4 5 6
0 15 8 1 2 3 0 7 4 5 6
0 16 8 1 2 3 6 7 4 5 0
0 18 8 1 2 3 5 7 4 0 6
0 18 8 1 2 3 7 0 4 5 6
0 17 8 1 2 3 6 7 4 0 5
0 18 8 1 2 3 6 0 4 5 7
0 19 8 1 2 3 5 7 0 4 6
0 19 8 1 2 3 5 7 4 6 0
0 19 8 1 2 3 7 4 0 5 6
0 20 8 1 2 3 7 6 4 5 0
0 18 8 1 2 3 6 7 0 4 5
0 19 8 1 2 3 6 4 0 5 7
0 21 8 1 2 3 0 6 4 5 7
0 20 8 1 2 3 5 0 7 4 6
0 23 6 1 2 3 0 5 7 4 6
0 26 4 1 2 3 4 5 7 0 6
0 27 2 1 2 3 4 5 0 7 6
0 27 4 1 2 3 4 5 7 6 0
0 28 4 1 0 3 4 5 2 7 6
0 28 4 1 2 3 4 0 5 7 6
0 30 4 1 2 3 4 6 5 7 0
0 24 6 1 2 3 6 5 7 4 0
0 27 6 1 2 0 4 5 7 3 6
0 28 6 1 2 3 0 5 7 6 4
0 29 6 1 2 3 4 0 7 6 5
0 30 6 1 2 0 4 5 7 6 3
0 30 6 0 2 3 4 5 7 6 1
0 29 6 0 1 3 4 5 2 7 6
0 29 6 1 3 0 4 5 2 7 6
0 29 6 0 2 3 4 1 5 7 6
0 31 6 1 0 3 4 2 5 7 6
0 31 6 1 2 3 0 4 5 7 6
0 31 6 1 2 3 0 6 5 7 4
0 31 6 1 2 3 4 6 5 0 7
0 33 6 1 2 0 4 6 5 7 3
0 33 6 0 2 3 4 6 5 7 1
0 25 6 1 2 3 6 5 7 0 4
0 26 4 1 2 3 6 5 0 7 4
0 31 6 1 2 3 6 5 7 0 4
0 30 6 1 2 3 4 7 0 6 5
0 31 4 1 2 3 4 7 6 0 5
0 32 4 1 2 3 4 7 6 5 0
0 34 4 1 2 3 4 0 6 5 7
0 31 6 1 2 6 4 5 7 0 3
0 32 4 1 2 6 4 5 0 7 3
0 33 6 7 2 3 4 5 0 6 1
0 34 4 7 2 3 4 5 6 0 1
0 35 4 7 2 3 4 5 6 1 0
0 38 4 0 2 3 4 5 6 1 7
0 32 6 2 1 3 4 5 0 7 6
0 32 6 6 1 3 4 5 2 7 0
0 32 6 5 2 3 4 1 0 7 6
0 32 6 6 2 3 4 1 5 7 0
0 32 6 1 5 3 4 2 0 7 6
0 32 6 1 2 3 6 4 5 7 0
0 34 6 1 2 3 6 0 5 7 4
0 32 6 1 2 3 4 6 0 5 7
0 34 6 6 2 3 4 0 5 7 1
0 35 4 6 2 3 4 5 0 7 1
0 36 6 5 2 3 4 6 0 7 1
0 37 4 5 2 3 4 0 6 7 1
0 38 2 0 2 3 4 5 6 7 1
