0 0 0 6 7 2 0 1 4 3 5
0 1 12 6 7 2 5 1 4 3 0
0 3 14 6 7 2 3 1 4 0 5
0 4 12 6 7 2 3 1 4 5 0
0 2 14 6 7 2 5 1 4 0 3
0 4 14 6 7 0 5 1 4 3 2
0 5 12 6 7 3 5 1 4 0 2
0 6 10 6 7 3 5 1 4 2 0
0 5 12 6 7 5 0 1 4 3 2
0 7 12 6 7 3 0 1 4 2 5
0 9 12 0 7 3 5 1 4 2 6
0 10 10 1 7 3 5 0 4 2 6
0 12 8 1 7 3 5 6 4 2 0
0 11 10 5 7 3 0 1 4 2 6
0 11 10 1 7 3 5 4 0 2 6
0 12 8 1 7 3 5 4 2 0 6
0 13 6 1 7 3 5 4 2 6 0
0 14 8 1 7 3 0 4 2 6 5
0 13 10 1 7 3 0 5 4 2 6
0 13 10 1 7 3 0 6 4 2 5
0 13 10 1 7 3 5 6 4 0 2
0 12 10 5 7 3 6 1 4 2 0
0 13 10 1 7 0 5 4 2 3 6
0 14 8 1 7 5 0 4 2 3 6
0 15 8 1 7 5 6 4 2 3 0
0 17 8 1 7 5 3 4 2 0 6
0 18 6 1 7 5 3 4 2 6 0
0 19 8 1 7 5 0 4 2 6 3
0 15 10 1 7 3 5 0 2 6 4
0 18 6 1 7 3 0 5 2 6 4
0 19 4 1 7 3 4 5 2 6 0
0 20 6 1 7 3 4 5 2 0 6
0 16 8 1 7 3 5 2 0 6 4
0 19 8 1 7 0 3 5 2 6 4
0 21 8 1 7 3 6 5 2 0 4
0 22 8 1 7 0 4 5 2 6 3
0 21 8 1 7 0 4 5 2 3 6
0 21 8 1 7 3 4 5 0 2 6
0 17 8 1 7 3 5 2 6 0 4
0 18 6 1 7 3 5 2 6 4 0
0 20 8 1 7 6 3 5 2 0 4
0 20 8 1 0 7 3 5 2 6 4
0 21 6 1 2 7 3 5 0 6 4
0 22 4 1 2 7 3 5 6 0 4
0 23 4 1 2 0 3 5 6 7 4
0 24 2 1 2 3 0 5 6 7 4
