0 0 0 3 7 5 0 4 2 6 1
9 1 8 3 7 5 1 4 2 6 0
12 2 10 3 7 5 1 4 2 0 6
13 1 12 3 7 0 5 4 2 6 1
14 2 12 3 7 6 5 4 2 0 1
13 3 10 3 7 6 5 4 2 1 0
14 2 12 3 0 7 5 4 2 6 1
15 3 12 3 7 5 6 4 2 0 1
14 4 10 3 7 5 6 4 2 1 0
15 3 12 3 7 5 1 0 2 6 4
14 4 10 3 7 5 1 2 0 6 4
14 6 8 3 7 5 0 1 2 6 4
15 3 12 3 7 0 1 4 2 5 6
14 4 10 3 7 1 0 4 2 5 6
15 3 12 3 7 5 1 4 0 2 6
15 3 12 3 2 7 5 4 0 6 1
15 3 12 0 3 7 5 4 2 6 1
10 6 4 1 3 7 5 4 2 6 0
13 7 6 1 3 7 0 4 2 6 5
13 7 6 1 3 7 5 4 2 0 6
14 8 6 1 3 0 7 4 2 6 5
15 5 10 3 7 5 0 4 2 1 6
15 5 10 3 7 5 1 2 6 0 4
14 6 8 3 7 5 1 2 6 4 0
15 7 8 3 7 5 4 1 2 6 0
15 5 10 3 7 1 6 4 2 5 0
15 5 10 5 3 7 0 4 2 6 1
14 6 8 5 3 7 1 4 2 6 0
15 9 6 1 3 0 5 4 2 6 7
14 10 4 1 3 5 0 4 2 6 7
13 11 2 1 3 5 7 4 2 6 0
15 9 6 1 3 6 7 4 2 0 5
14 10 4 1 3 6 7 4 2 5 0
16 2 14 0 7 5 3 4 2 6 1
11 5 6 1 7 5 3 4 2 6 0
14 6 8 1 7 5 0 4 2 6 3
14 6 8 1 7 5 3 4 2 0 6
16 4 12 3 7 0 1 4 2 6 5
15 5 10 3 7 1 0 4 2 6 5
14 6 8 3 7 1 5 4 2 6 0
16 4 12 3 7 6 0 4 2 1 5
16 4 12 3 0 7 1 4 2 5 6
16 4 12 3 7 5 1 0 4 2 6
15 7 8 3 7 5 0 1 4 2 6
16 4 12 3 2 7 5 0 4 6 1
12 6 6 3 2 7 5 1 4 6 0
15 7 8 3 2 7 0 1 4 6 5
15 7 8 3 2 7 5 1 4 0 6
16 4 12 3 2 7 5 4 6 0 1
15 5 10 3 2 7 5 4 6 1 0
16 4 12 4 3 7 5 0 2 6 1
12 6 6 4 3 7 5 1 2 6 0
15 5 10 4 3 7 5 2 0 6 1
15 7 8 4 3 7 0 1 2 6 5
15 7 8 4 3 7 5 1 2 0 6
16 6 10 2 3 7 5 4 0 6 1
16 8 8 1 3 7 5 0 2 6 4
15 9 6 1 3 7 5 2 0 6 4
16 8 8 1 3 0 5 4 2 7 6
15 9 6 1 3 5 0 4 2 7 6
16 8 8 1 3 7 5 4 0 2 6
16 6 10 5 3 0 7 4 2 6 1
16 10 6 1 3 6 5 4 2 0 7
16 12 4 1 3 5 7 4 2 0 6
16 6 10 3 7 5 1 6 4 2 0
16 8 8 3 7 5 6 1 4 2 0
16 8 8 3 2 0 7 1 4 6 5
16 6 10 4 3 7 5 2 6 0 1
15 7 8 4 3 7 5 2 6 1 0
16 8 8 4 3 0 7 1 2 6 5
16 10 6 1 3 7 5 2 6 0 4
15 11 4 1 3 7 5 2 6 4 0
16 10 6 1 3 5 6 4 2 7 0
16 12 4 1 3 5 7 4 2 0 6
17 3 14 3 7 5 4 0 2 6 1
13 5 8 3 7 5 4 1 2 6 0
16 4 12 3 7 5 4 2 0 6 1
16 6 10 3 7 5 4 1 2 0 6
16 6 10 3 7 5 4 1 2 0 6
17 3 14 3 7 6 5 4 0 2 1
17 5 12 3 0 5 1 2 7 6 4
17 7 10 3 7 0 5 1 2 6 4
17 7 10 3 7 1 5 4 2 0 6
17 9 8 1 0 3 7 4 2 6 5
17 7 10 3 7 5 0 2 6 4 1
17 7 10 5 3 7 1 4 2 0 6
17 11 6 1 3 6 0 4 2 5 7
17 3 14 4 7 5 3 0 2 6 1
13 5 8 4 7 5 3 1 2 6 0
16 4 12 4 7 5 3 2 0 6 1
16 6 10 4 7 5 0 1 2 6 3
16 6 10 4 7 5 3 1 2 0 6
17 3 14 7 0 5 3 4 2 6 1
17 5 12 2 7 5 3 4 0 6 1
17 7 10 1 7 5 3 0 2 6 4
16 8 8 1 7 5 3 2 0 6 4
17 7 10 1 7 0 5 4 2 6 3
17 7 10 1 7 0 3 4 2 5 6
16 8 8 1 7 3 0 4 2 5 6
17 7 10 1 7 5 3 4 0 2 6
17 5 12 3 7 6 1 4 2 0 5
16 6 10 3 7 6 1 4 2 5 0
17 5 12 3 0 7 1 4 2 6 5
17 7 10 3 7 1 5 4 2 0 6
17 5 12 3 2 7 1 4 0 5 6
17 5 12 0 3 7 1 4 2 5 6
13 7 6 1 3 7 0 4 2 5 6
14 8 6 1 3 0 7 4 2 5 6
13 9 4 1 3 5 7 4 2 0 6
12 10 2 1 3 5 7 4 2 6 0
14 8 6 1 3 7 6 4 2 5 0
14 8 6 1 3 0 7 4 2 5 6
15 11 4 1 3 5 7 4 2 0 6
16 10 6 1 3 5 7 4 0 2 6
16 10 6 1 3 5 7 4 0 2 6
17 7 10 3 0 7 5 2 4 6 1
17 9 8 3 2 0 5 1 4 6 7
16 10 6 3 2 5 0 1 4 6 7
15 11 4 3 2 5 7 1 4 6 0
17 9 8 4 3 0 5 1 2 6 7
16 10 6 4 3 5 0 1 2 6 7
15 11 4 4 3 5 7 1 2 6 0
17 7 10 2 3 7 5 0 4 6 1
13 9 4 2 3 7 5 1 4 6 0
16 10 6 2 3 7 0 1 4 6 5
16 10 6 2 3 7 5 1 4 0 6
17 7 10 2 3 7 5 4 6 0 1
16 8 8 2 3 7 5 4 6 1 0
17 11 6 1 3 7 0 5 2 6 4
16 12 4 1 3 7 4 5 2 6 0
17 9 8 1 3 7 5 0 4 2 6
17 7 10 5 3 6 7 4 2 0 1
16 8 8 5 3 6 7 4 2 1 0
17 11 6 1 3 6 5 4 2 7 0
17 9 8 3 2 6 7 1 4 0 5
16 10 6 3 2 6 7 1 4 5 0
17 9 8 4 3 6 7 1 2 0 5
16 10 6 4 3 6 7 1 2 5 0
17 11 6 1 3 5 6 4 2 0 7
17 11 6 1 3 5 6 4 2 0 7
17 5 12 3 7 5 4 2 6 0 1
16 6 10 3 7 5 4 2 6 1 0
17 5 12 4 7 5 3 2 6 0 1
16 6 10 4 7 5 3 2 6 1 0
17 9 8 1 7 5 3 2 6 0 4
16 10 6 1 7 5 3 2 6 4 0
17 9 8 1 7 3 6 4 2 5 0
17 9 8 1 0 3 7 4 2 5 6
17 9 8 1 3 7 6 4 2 0 5
17 9 8 1 3 7 6 4 2 0 5
17 9 8 1 0 3 7 4 2 5 6
17 11 6 1 3 5 7 0 4 2 6
17 11 6 1 3 5 7 0 4 2 6
17 11 6 2 3 0 7 1 4 6 5
17 11 6 1 3 7 5 6 4 2 0
17 7 10 3 7 5 0 2 6 1 4
17 13 4 1 3 5 7 6 4 2 0
17 13 4 1 3 5 7 6 4 2 0
18 4 14 0 7 5 1 4 2 6 3
18 6 12 3 7 0 5 4 2 1 6
18 4 14 3 7 0 6 4 2 5 1
17 5 12 3 7 6 0 4 2 5 1
17 5 12 3 7 6 0 4 2 5 1
18 4 14 3 7 5 6 4 0 2 1
18 4 14 0 7 5 1 3 2 6 4
14 6 8 1 7 5 0 3 2 6 4
14 6 8 1 7 5 0 3 2 6 4
15 7 8 1 7 5 4 3 2 6 0
15 7 8 1 7 5 4 3 2 6 0
17 7 10 4 7 5 1 3 2 6 0
17 7 10 1 7 0 5 3 2 6 4
17 7 10 1 7 0 5 3 2 6 4
18 4 14 3 0 5 1 4 7 2 6
18 6 12 3 7 0 5 4 2 1 6
18 6 12 3 7 0 1 2 6 5 4
17 7 10 3 7 1 0 2 6 5 4
18 6 12 3 7 1 6 4 2 0 5
18 10 8 1 0 3 5 4 2 6 7
18 10 8 1 3 6 7 4 0 2 5
18 8 10 1 7 0 3 4 2 6 5
17 9 8 1 7 3 0 4 2 6 5
16 10 6 1 7 3 5 4 2 6 0
18 8 10 3 7 0 5 1 4 2 6
18 8 10 3 2 0 5 1 4 7 6
17 9 8 3 2 5 0 1 4 7 6
18 8 10 3 2 7 5 1 0 4 6
18 6 12 3 2 7 0 4 6 1 5
18 6 12 4 0 7 5 2 3 6 1
18 8 10 4 3 0 5 1 2 7 6
17 9 8 4 3 5 0 1 2 7 6
18 8 10 4 3 7 5 1 0 2 6
18 10 8 1 0 7 5 2 3 6 4
18 8 10 4 3 7 0 2 6 1 5
18 12 6 1 3 7 0 2 6 4 5
18 4 14 3 7 6 5 0 4 2 1
14 6 8 3 7 6 5 1 4 2 0
17 7 10 3 7 6 0 1 4 2 5
17 7 10 3 7 6 5 1 4 0 2
18 6 12 0 3 5 1 2 7 6 4
14 8 6 1 3 5 0 2 7 6 4
15 9 6 1 3 5 4 2 7 6 0
17 9 8 4 3 5 1 2 7 6 0
17 9 8 1 3 0 5 2 7 6 4
18 6 12 3 5 0 1 2 7 6 4
17 7 10 3 5 1 0 2 7 6 4
18 8 10 3 7 6 5 1 2 0 4
17 9 8 3 7 6 5 1 2 4 0
18 8 10 3 0 7 5 1 2 6 4
18 10 8 1 2 3 7 4 0 6 5
18 6 12 4 7 5 0 3 2 6 1
18 4 14 7 2 5 3 4 0 6 1
18 4 14 7 5 0 3 4 2 6 1
17 5 12 7 5 3 0 4 2 6 1
16 6 10 7 5 3 1 4 2 6 0
18 6 12 2 7 5 3 0 4 6 1
14 8 6 2 7 5 3 1 4 6 0
17 9 8 2 7 5 0 1 4 6 3
17 9 8 2 7 5 3 1 4 0 6
18 6 12 2 7 5 3 4 6 0 1
17 7 10 2 7 5 3 4 6 1 0
18 8 10 1 7 6 5 4 2 0 3
17 9 8 1 7 6 5 4 2 3 0
18 8 10 1 0 7 5 4 2 6 3
18 8 10 1 0 7 3 4 2 5 6
18 8 10 1 7 5 3 0 4 2 6
18 6 12 0 3 7 1 4 2 6 5
18 6 12 3 2 7 1 4 0 6 5
18 6 12 0 3 7 1 4 2 6 5
18 6 12 3 2 7 1 0 4 5 6
17 9 8 3 2 7 0 1 4 5 6
18 6 12 3 2 7 1 4 5 0 6
17 7 10 3 2 7 1 4 5 6 0
18 6 12 4 3 7 1 0 2 5 6
17 7 10 4 3 7 1 2 0 5 6
17 9 8 4 3 7 0 1 2 5 6
18 8 10 2 3 7 1 4 0 5 6
18 8 10 6 3 7 1 4 2 5 0
18 12 6 1 3 5 7 0 2 6 4
17 13 4 1 3 5 7 2 0 6 4
18 12 6 1 3 5 7 0 2 6 4
18 8 10 3 4 7 5 2 0 6 1
18 8 10 0 3 7 5 2 4 6 1
13 11 2 1 3 7 5 2 4 6 0
16 12 4 1 3 7 0 2 4 6 5
16 12 4 1 3 7 5 2 4 0 6
17 13 4 1 3 0 7 2 4 6 5
18 8 10 3 7 0 5 2 4 6 1
17 9 8 3 7 5 0 2 4 6 1
16 10 6 3 7 5 1 2 4 6 0
18 10 8 3 2 6 5 1 4 0 7
18 12 6 3 2 5 7 1 4 0 6
18 10 8 4 3 6 5 1 2 0 7
18 12 6 4 3 5 7 1 2 0 6
18 8 10 0 3 7 5 2 4 6 1
18 12 6 2 3 0 5 1 4 6 7
17 13 4 2 3 5 0 1 4 6 7
16 14 2 2 3 5 7 1 4 6 0
18 10 8 1 2 3 7 4 0 5 6
18 10 8 1 2 3 7 4 0 5 6
18 12 6 2 3 6 7 1 4 0 5
17 13 4 2 3 6 7 1 4 5 0
18 8 10 1 7 5 4 3 2 0 6
18 8 10 1 7 5 4 3 2 0 6
18 8 10 1 0 7 5 3 2 6 4
18 8 10 1 7 6 5 3 2 0 4
17 9 8 1 7 6 5 3 2 4 0
18 8 10 1 0 7 5 3 2 6 4
18 8 10 1 7 6 5 3 2 0 4
18 8 10 1 0 7 5 3 2 6 4
18 8 10 3 7 1 4 2 6 5 0
18 10 8 3 2 5 6 1 4 7 0
18 12 6 3 2 5 7 1 4 0 6
18 10 8 4 3 5 6 1 2 7 0
18 12 6 4 3 5 7 1 2 0 6
18 8 10 3 7 0 5 1 4 6 2
17 9 8 3 7 5 0 1 4 6 2
18 10 8 1 3 5 4 2 7 0 6
18 10 8 1 3 6 5 2 7 0 4
17 11 6 1 3 6 5 2 7 4 0
18 8 10 3 5 1 4 2 7 6 0
18 10 8 1 7 5 3 6 4 2 0
18 8 10 3 2 7 1 6 4 5 0
18 10 8 3 2 0 7 1 4 5 6
17 11 6 3 2 5 7 1 4 0 6
18 10 8 3 2 7 6 1 4 5 0
18 10 8 3 2 0 7 1 4 5 6
17 11 6 3 2 5 7 1 4 0 6
18 8 10 4 3 7 1 6 2 5 0
18 8 10 4 3 7 1 2 5 0 6
17 9 8 4 3 7 1 2 5 6 0
18 10 8 4 3 0 7 1 2 5 6
17 11 6 4 3 5 7 1 2 0 6
18 10 8 4 3 7 6 1 2 5 0
18 10 8 4 3 0 7 1 2 5 6
17 11 6 4 3 5 7 1 2 0 6
18 14 4 1 3 5 7 2 6 0 4
17 15 2 1 3 5 7 2 6 4 0
18 10 8 5 3 7 0 2 4 6 1
17 11 6 5 3 7 1 2 4 6 0
18 14 4 1 3 0 5 2 4 6 7
17 15 2 1 3 5 0 2 4 6 7
