0 0 0 3 7 5 0 4 2 6 1
0 3 12 3 7 5 6 4 2 0 1
0 3 12 3 7 5 4 0 2 6 1
0 4 12 3 7 5 6 4 0 2 1
0 4 12 3 7 5 6 4 2 1 0
0 4 12 0 7 5 4 3 2 6 1
0 7 10 1 7 5 4 3 2 6 0
0 8 10 1 7 5 4 3 2 0 6
0 9 10 1 7 5 4 0 2 6 3
0 10 10 1 7 0 4 3 2 6 5
0 9 10 1 7 0 4 3 2 5 6
0 9 10 1 7 5 4 3 0 2 6
0 10 10 1 7 5 4 2 0 6 3
0 11 8 1 7 5 4 2 6 0 3
0 12 8 1 7 0 4 2 6 5 3
0 12 8 1 7 5 4 2 6 3 0
0 13 8 1 0 7 4 2 6 5 3
0 14 8 1 7 5 4 0 6 3 2
0 15 8 1 7 0 4 2 6 3 5
0 16 6 1 7 3 4 2 6 0 5
0 17 6 1 7 3 4 2 6 5 0
0 19 6 1 7 3 4 0 6 5 2
0 22 6 1 0 3 4 7 6 5 2
0 17 8 1 0 5 4 7 6 3 2
0 16 8 1 0 7 4 2 6 3 5
0 17 8 1 7 3 4 2 0 6 5
0 18 8 1 7 3 0 2 6 5 4
0 20 8 0 7 3 4 2 6 5 1
0 20 8 0 7 3 4 1 6 5 2
0 20 8 1 7 3 4 6 0 5 2
0 22 8 1 7 3 0 4 6 5 2
0 23 8 1 6 3 4 7 0 5 2
0 23 8 0 1 3 4 7 6 5 2
0 23 8 1 3 0 4 7 6 5 2
0 18 8 1 5 0 4 7 6 3 2
0 19 6 1 5 3 4 7 6 0 2
0 20 6 1 5 3 4 7 6 2 0
0 22 6 1 5 3 4 0 6 2 7
0 25 4 1 0 3 4 5 6 2 7
0 26 6 1 6 3 4 5 0 2 7
0 26 6 0 1 3 4 5 6 2 7
0 26 6 1 3 0 4 5 6 2 7
0 27 6 1 6 3 4 5 2 0 7
0 28 4 1 6 3 4 5 2 7 0
0 29 6 7 1 3 4 5 6 2 0
0 27 6 1 3 2 4 5 6 0 7
0 28 4 1 3 2 4 5 6 7 0
0 31 4 1 3 0 4 5 6 7 2
0 32 2 1 0 3 4 5 6 7 2
0 33 4 1 6 3 4 5 0 7 2
0 33 4 0 1 3 4 5 6 7 2
0 36 4 2 1 3 4 5 6 7 0
0 29 6 1 6 3 0 5 2 7 4
0 30 6 1 6 3 4 0 2 7 5
0 31 6 1 6 0 4 5 2 7 3
0 31 6 0 6 3 4 5 2 7 1
0 30 6 7 1 3 4 5 6 0 2
0 29 6 1 3 2 0 5 6 7 4
0 30 6 1 3 2 4 0 6 7 5
0 31 6 0 3 2 4 5 6 7 1
0 32 6 1 3 7 4 5 6 0 2
0 32 6 1 3 4 0 5 6 7 2
0 34 6 1 6 3 4 0 5 7 2
0 34 6 1 6 3 4 5 7 0 2
0 34 6 5 1 3 4 0 6 7 2
0 35 6 4 1 3 0 5 6 7 2
0 36 6 6 1 3 4 5 0 7 2
0 37 6 2 1 3 0 5 6 7 4
0 37 6 2 1 3 4 5 6 0 7
0 38 6 2 1 3 4 0 6 7 5
0 39 6 2 1 0 4 5 6 7 3
0 31 6 1 6 3 4 2 0 7 5
0 32 4 1 0 3 4 2 6 7 5
0 33 6 1 0 3 4 6 2 7 5
0 34 4 1 2 3 4 6 0 7 5
0 35 2 1 2 3 4 0 6 7 5
