0 0 0 7 3 6 4 5 0 2 1
13 1 12 7 3 6 4 5 2 0 1
12 2 10 7 3 6 4 5 2 1 0
14 2 12 7 3 0 4 5 2 6 1
15 3 12 7 3 6 0 5 2 1 4
15 3 12 7 0 3 4 5 2 6 1
14 4 10 7 2 3 4 5 0 6 1
13 5 8 7 2 3 4 5 6 0 1
12 6 6 7 2 3 4 5 6 1 0
15 3 12 7 3 4 0 5 2 6 1
14 4 10 7 3 4 1 5 2 6 0
15 7 8 7 2 3 0 5 6 1 4
16 4 12 0 7 3 4 5 2 6 1
11 7 4 1 7 3 4 5 2 6 0
14 8 6 1 7 3 0 5 2 6 4
14 8 6 1 7 3 4 5 2 0 6
16 6 10 7 2 0 4 5 6 3 1
17 1 16 7 0 6 4 5 3 2 1
16 2 14 7 6 0 4 5 3 2 1
15 3 12 7 6 2 4 5 3 0 1
14 4 10 7 6 2 4 5 3 1 0
16 4 12 7 6 2 4 5 0 3 1
17 1 16 7 3 6 4 0 5 2 1
13 3 10 7 3 6 4 1 5 2 0
16 4 12 7 3 6 0 1 5 2 4
16 4 12 7 3 6 4 1 5 0 2
17 5 12 7 3 0 4 5 2 1 6
16 6 10 7 3 1 4 5 2 0 6
15 7 8 7 3 1 4 5 2 6 0
17 5 12 0 3 6 4 5 2 1 7
17 5 12 7 2 3 4 0 5 6 1
13 7 6 7 2 3 4 1 5 6 0
16 8 8 7 2 3 0 1 5 6 4
16 8 8 7 2 3 4 1 5 0 6
17 9 8 0 2 3 4 5 6 1 7
17 5 12 7 3 4 1 5 2 0 6
17 5 12 5 7 3 4 0 2 6 1
13 7 6 5 7 3 4 1 2 6 0
16 8 8 5 7 3 0 1 2 6 4
16 8 8 5 7 3 4 1 2 0 6
17 7 10 2 7 3 4 5 0 6 1
16 8 8 2 7 3 4 5 6 0 1
15 9 6 2 7 3 4 5 6 1 0
17 9 8 1 7 0 3 5 2 6 4
17 9 8 1 7 0 4 5 2 3 6
17 9 8 1 7 3 4 5 0 2 6
17 7 10 7 2 4 0 5 6 3 1
16 8 8 7 2 4 1 5 6 3 0
17 3 14 7 6 4 0 5 3 2 1
16 4 12 7 6 4 1 5 3 2 0
17 5 12 7 6 2 0 5 3 1 4
17 5 12 7 0 2 4 5 6 3 1
17 5 12 7 0 2 4 5 6 3 1
17 5 12 7 3 0 4 1 5 6 2
18 4 14 7 3 0 6 5 2 1 4
17 5 12 7 3 1 6 5 2 0 4
18 6 12 7 3 6 1 5 2 0 4
18 8 10 7 2 0 3 5 6 1 4
17 9 8 7 2 1 3 5 6 0 4
18 10 8 7 2 3 1 5 6 0 4
18 6 12 4 7 3 0 5 2 6 1
17 7 10 4 7 3 1 5 2 6 0
18 10 8 1 7 0 4 5 2 6 3
18 2 16 0 7 6 4 5 3 2 1
13 5 8 1 7 6 4 5 3 2 0
16 6 10 1 7 6 0 5 3 2 4
16 6 10 1 7 6 4 5 3 0 2
17 7 10 1 7 0 4 5 3 6 2
17 7 10 1 7 6 4 5 0 3 2
18 2 16 0 3 6 4 7 5 2 1
13 5 8 1 3 6 4 7 5 2 0
16 6 10 1 3 6 0 7 5 2 4
16 6 10 1 3 6 4 7 5 0 2
17 7 10 1 3 6 4 0 5 2 7
16 8 8 1 3 6 4 5 0 2 7
15 9 6 1 3 6 4 5 2 0 7
14 10 4 1 3 6 4 5 2 7 0
16 10 6 1 3 0 4 5 2 6 7
17 7 10 1 3 0 4 7 5 6 2
17 11 6 1 3 6 0 5 2 7 4
17 11 6 1 0 3 4 5 2 6 7
16 12 4 1 2 3 4 5 0 6 7
15 13 2 1 2 3 4 5 6 0 7
