0 0 0 7 3 6 4 5 0 2 1
11 1 10 7 0 6 4 5 3 2 1
11 1 10 7 3 6 4 5 2 0 1
12 2 10 0 7 6 4 5 3 2 1
12 2 10 7 6 0 4 5 3 2 1
12 2 10 7 3 0 4 5 2 6 1
11 3 8 7 0 3 4 5 2 6 1
10 4 6 7 2 3 4 5 0 6 1
9 5 4 7 2 3 4 5 6 0 1
10 6 4 7 2 3 4 5 6 1 0
12 2 10 7 3 6 4 5 2 1 0
12 4 8 0 7 3 4 5 2 6 1
12 6 6 7 2 0 4 5 6 3 1
13 1 12 7 3 6 4 0 5 2 1
13 5 8 1 7 6 4 5 3 2 0
13 3 10 7 6 2 4 5 3 0 1
13 5 8 7 2 3 4 0 5 6 1
13 7 6 7 2 3 0 5 6 1 4
13 9 4 0 2 3 4 5 6 1 7
13 7 6 1 7 3 4 5 2 6 0
14 8 6 7 2 3 4 0 6 1 5
14 2 12 0 3 6 4 7 5 2 1
14 6 8 1 7 6 4 5 3 0 2
14 4 10 7 6 2 4 5 0 3 1
13 5 8 7 0 2 4 5 6 3 1
13 5 8 7 0 2 4 5 6 3 1
14 4 10 7 6 2 4 5 3 1 0
14 6 8 0 2 3 4 7 5 6 1
14 8 6 1 7 3 4 5 2 0 6
14 6 8 0 7 2 4 5 6 3 1
14 6 8 0 7 2 4 5 6 3 1
15 3 12 5 7 6 4 0 3 2 1
15 5 10 3 7 6 4 5 0 2 1
15 3 12 7 6 4 0 5 3 2 1
15 3 12 7 3 4 0 5 2 6 1
15 9 6 7 2 0 4 5 6 1 3
15 3 12 7 3 6 0 5 2 1 4
15 5 10 7 3 0 4 5 2 1 6
14 6 8 7 0 3 4 5 2 1 6
13 7 6 7 2 3 4 5 0 1 6
14 8 6 7 2 3 4 5 1 0 6
15 5 10 0 3 6 4 5 2 1 7
15 5 10 5 7 3 4 0 2 6 1
15 7 8 2 7 3 4 5 0 6 1
14 8 6 2 7 3 4 5 6 0 1
15 7 8 7 2 4 0 5 6 3 1
15 3 12 7 3 6 4 1 5 2 0
15 7 8 7 2 3 4 1 5 6 0
15 9 6 0 2 3 7 5 6 1 4
15 9 6 0 2 3 4 7 6 1 5
15 3 12 3 0 6 4 7 5 2 1
15 5 10 1 3 6 4 7 5 2 0
15 7 8 1 7 0 4 5 3 6 2
15 7 8 1 7 6 4 5 0 3 2
15 9 6 1 2 3 4 7 5 6 0
14 11 3 1 2 3 4 0 5 6 7
14 12 2 1 2 3 4 5 0 6 7
14 13 1 1 2 3 4 5 6 0 7
