0 0 0 7 3 6 4 5 0 2 1
0 1 12 7 3 6 4 5 2 0 1
0 2 10 7 3 6 4 5 2 1 0
0 2 12 7 3 0 4 5 2 6 1
0 3 12 7 3 6 0 5 2 1 4
0 5 12 7 3 0 4 5 2 1 6
0 6 10 7 3 1 4 5 2 0 6
0 7 8 7 3 1 4 5 2 6 0
0 8 10 7 3 1 0 5 2 6 4
0 10 10 0 3 1 4 5 2 6 7
0 13 8 2 3 1 4 5 0 6 7
0 14 6 2 3 1 4 5 6 0 7
0 15 4 2 3 1 4 5 6 7 0
0 16 6 2 3 1 0 5 6 7 4
0 15 8 2 3 0 4 5 6 1 7
0 18 8 2 3 0 4 5 6 7 1
0 17 8 2 3 0 1 5 6 7 4
0 19 8 2 3 1 7 5 6 0 4
0 16 8 2 0 3 4 5 6 1 7
0 16 8 2 3 4 0 5 6 1 7
0 19 8 2 3 7 4 5 6 0 1
0 20 6 2 3 7 4 5 6 1 0
0 19 8 2 0 3 4 5 6 7 1
0 19 8 2 3 4 0 5 6 7 1
0 20 6 2 3 4 1 5 6 7 0
0 18 8 2 3 7 1 5 6 0 4
0 18 8 2 0 3 1 5 6 7 4
0 20 8 2 3 1 7 5 6 4 0
0 17 8 2 6 3 4 5 0 1 7
0 18 6 2 6 3 4 5 1 0 7
0 19 4 2 6 3 4 5 1 7 0
0 20 6 2 6 3 0 5 1 7 4
0 17 8 0 2 3 4 5 6 1 7
0 20 6 7 2 3 4 5 6 1 0
0 17 8 2 3 4 7 5 6 1 0
0 19 8 2 3 4 1 5 6 0 7
0 21 8 2 3 7 0 5 6 1 4
0 20 8 2 6 3 4 5 0 7 1
0 20 8 0 2 3 4 5 6 7 1
