0 0 0 7 3 6 4 5 0 2 1
0 1 10 7 0 6 4 5 3 2 1
0 1 10 7 3 6 4 5 2 0 1
0 2 10 0 7 6 4 5 3 2 1
0 5 8 1 7 6 4 5 3 2 0
0 6 8 1 7 6 4 5 3 0 2
0 8 8 1 7 0 4 5 3 2 6
0 7 8 1 7 0 4 5 3 6 2
0 7 8 1 7 6 4 5 0 3 2
0 9 8 1 7 2 4 5 3 0 6
0 9 8 1 0 7 4 5 3 2 6
0 8 8 1 0 7 4 5 3 6 2
0 8 8 1 0 6 4 5 7 3 2
0 10 8 1 7 2 4 5 0 3 6
0 10 8 1 7 2 4 5 3 6 0
0 10 8 1 3 7 4 5 0 2 6
0 9 8 1 3 7 4 5 0 6 2
0 10 6 1 3 7 4 5 6 0 2
0 11 4 1 3 0 4 5 6 7 2
0 12 2 1 0 3 4 5 6 7 2
0 13 4 1 6 3 4 5 0 7 2
0 13 4 0 1 3 4 5 6 7 2
0 16 4 2 1 3 4 5 6 7 0
0 11 6 1 3 7 4 5 6 2 0
0 12 6 1 3 4 0 5 6 7 2
0 14 6 1 6 3 4 0 5 7 2
0 14 6 1 6 3 4 5 7 0 2
0 14 6 5 1 3 4 0 6 7 2
0 15 6 4 1 3 0 5 6 7 2
0 16 6 6 1 3 4 5 0 7 2
0 17 6 2 1 3 0 5 6 7 4
0 17 6 2 1 3 4 5 6 0 7
0 18 6 2 1 3 4 0 6 7 5
0 19 6 2 1 0 4 5 6 7 3
0 14 6 1 3 0 4 5 6 2 7
0 15 4 1 0 3 4 5 6 2 7
0 13 6 1 3 4 2 5 6 7 0
0 16 6 1 6 3 4 2 5 7 0
0 17 6 1 0 3 4 6 5 7 2
0 15 6 1 6 3 4 5 7 2 0
0 16 6 5 1 3 4 2 6 7 0
0 17 6 5 0 3 4 1 6 7 2
0 16 6 4 1 3 2 5 6 7 0
0 17 6 6 0 3 4 5 1 7 2
0 19 6 0 1 3 2 5 6 7 4
0 20 4 1 0 3 2 5 6 7 4
0 19 6 0 1 3 4 2 6 7 5
0 20 4 1 0 3 4 2 6 7 5
0 21 6 2 0 3 4 1 6 7 5
0 22 4 0 2 3 4 1 6 7 5
0 23 2 1 2 3 4 0 6 7 5
