0 0 0 5 7 2 1 6 4 3 0
15 1 14 5 7 2 0 6 4 3 1
15 1 14 5 7 2 1 6 4 0 3
16 2 14 5 7 2 1 6 0 4 3
17 3 14 5 0 2 1 6 7 4 3
16 4 12 5 2 0 1 6 7 4 3
15 5 10 5 2 4 1 6 7 0 3
14 6 8 5 2 4 1 6 7 3 0
15 5 10 5 2 1 0 6 7 4 3
14 6 8 5 2 1 3 6 7 4 0
15 7 8 5 2 1 3 6 7 0 4
16 6 10 5 2 4 1 6 0 7 3
16 8 8 5 2 1 4 6 7 0 3
15 9 6 5 2 1 4 6 7 3 0
16 8 8 5 2 1 3 6 0 7 4
17 3 14 5 7 2 1 0 6 4 3
16 6 10 5 7 2 0 1 6 4 3
15 7 8 5 7 2 3 1 6 4 0
16 8 8 5 7 2 3 1 6 0 4
17 7 10 5 2 4 0 6 7 3 1
17 7 10 5 2 4 1 0 6 7 3
16 10 6 5 2 4 0 1 6 7 3
15 11 4 5 2 4 3 1 6 7 0
17 9 8 5 2 1 4 6 0 7 3
17 9 8 5 2 1 3 0 6 7 4
17 5 12 5 7 2 1 3 6 4 0
17 9 8 5 7 2 4 1 6 0 3
16 10 6 5 7 2 4 1 6 3 0
17 9 8 5 2 4 1 3 6 7 0
17 11 6 5 2 0 4 1 6 7 3
18 2 16 5 7 2 1 0 4 3 6
17 5 12 5 7 2 0 1 4 3 6
18 2 16 5 7 0 2 6 4 3 1
17 3 14 5 7 3 2 6 4 0 1
16 4 12 5 7 3 2 6 4 1 0
18 4 14 5 7 2 3 6 4 0 1
17 5 12 5 7 2 3 6 4 1 0
18 2 16 5 7 0 1 6 4 2 3
17 3 14 5 7 1 0 6 4 2 3
16 4 12 5 7 1 3 6 4 2 0
18 8 10 5 2 0 3 6 7 1 4
17 9 8 5 2 3 0 6 7 1 4
16 10 6 5 2 3 4 6 7 1 0
18 10 8 5 2 1 0 6 7 3 4
18 4 14 0 7 2 1 5 6 4 3
14 6 8 1 7 2 0 5 6 4 3
13 7 6 1 7 2 3 5 6 4 0
14 8 6 1 7 2 3 5 6 0 4
15 9 6 1 7 2 4 5 6 0 3
14 10 4 1 7 2 4 5 6 3 0
17 7 10 3 7 2 1 5 6 4 0
17 7 10 1 7 0 2 5 6 4 3
16 8 8 1 7 4 2 5 6 0 3
15 9 6 1 7 4 2 5 6 3 0
17 9 8 1 7 0 3 5 6 2 4
16 10 6 1 7 3 0 5 6 2 4
15 11 4 1 7 3 4 5 6 2 0
17 9 8 1 7 2 3 5 0 6 4
17 11 6 1 7 2 0 5 6 3 4
18 8 10 5 2 0 4 6 7 3 1
17 9 8 5 2 3 4 6 7 0 1
17 9 8 5 2 3 4 6 7 0 1
18 8 10 5 2 0 4 6 7 3 1
18 8 10 0 2 4 1 5 6 7 3
14 10 4 1 2 4 0 5 6 7 3
13 11 2 1 2 4 3 5 6 7 0
15 11 4 1 2 0 4 5 6 7 3
16 12 4 1 2 4 3 5 6 0 7
16 12 4 1 2 7 4 5 6 0 3
15 13 2 1 2 7 4 5 6 3 0
17 11 6 3 2 4 1 5 6 7 0
18 12 6 5 2 4 3 1 6 0 7
18 10 8 5 2 1 4 0 6 7 3
18 10 8 0 2 1 3 5 6 7 4
18 6 12 5 7 2 1 3 6 0 4
18 12 6 5 2 7 4 1 6 0 3
17 13 4 5 2 7 4 1 6 3 0
18 6 12 5 7 2 6 1 4 3 0
18 4 14 5 7 3 2 6 0 4 1
18 10 8 1 7 0 4 5 6 2 3
18 10 8 1 7 2 4 5 0 6 3
18 8 10 3 7 2 1 5 6 0 4
18 8 10 1 0 7 2 5 6 4 3
18 10 8 1 7 4 0 5 6 3 2
18 10 8 1 0 7 3 5 6 2 4
18 12 6 1 7 3 4 5 6 0 2
18 10 8 1 0 2 3 5 7 6 4
17 11 6 1 2 0 3 5 7 6 4
16 12 4 1 2 3 0 5 7 6 4
15 13 2 1 2 3 4 5 7 6 0
18 10 8 5 2 3 4 6 0 7 1
18 10 8 5 2 3 4 6 0 7 1
18 14 4 1 2 0 3 5 6 7 4
17 15 2 1 2 3 0 5 6 7 4
