0 0 0 0 4 5 6 1 7 3 2
13 3 10 2 4 5 6 1 7 3 0
14 4 10 2 4 5 0 1 7 3 6
15 1 14 1 4 5 6 0 7 3 2
11 3 8 1 4 5 6 2 7 3 0
12 4 8 1 4 5 0 2 7 3 6
14 4 10 1 4 5 6 2 7 0 3
15 5 10 1 4 0 5 2 7 3 6
14 6 8 1 4 3 5 2 7 0 6
13 7 6 1 4 3 5 2 7 6 0
15 7 8 1 4 5 3 2 7 0 6
14 8 6 1 4 5 3 2 7 6 0
15 5 10 1 4 5 6 2 0 7 3
15 7 8 1 4 3 5 2 0 7 6
16 2 14 6 4 5 0 1 7 3 2
15 3 12 6 4 5 2 1 7 3 0
16 4 12 2 4 5 6 1 7 0 3
16 2 14 1 4 5 6 7 0 3 2
15 3 12 1 4 5 6 7 3 0 2
14 4 10 1 4 5 6 7 3 2 0
15 5 10 1 4 5 0 7 3 2 6
16 4 12 1 4 5 0 6 7 3 2
15 5 10 1 4 5 2 6 7 3 0
16 8 8 1 4 3 0 2 7 6 5
16 8 8 1 4 5 3 2 0 7 6
16 6 10 1 0 5 6 2 4 7 3
16 8 8 1 0 3 5 2 4 7 6
15 9 6 1 3 0 5 2 4 7 6
14 10 4 1 3 7 5 2 4 0 6
13 11 2 1 3 7 5 2 4 6 0
14 10 4 1 3 5 0 2 4 7 6
15 11 4 1 3 5 6 2 4 7 0
15 13 2 1 3 5 7 2 4 0 6
