0 0 0 0 4 5 6 1 7 3 2
0 3 10 2 4 5 6 1 7 3 0
0 4 10 2 4 5 0 1 7 3 6
0 7 10 2 4 5 3 1 7 0 6
0 8 8 2 4 5 3 1 7 6 0
0 8 10 2 4 5 3 1 0 7 6
0 9 10 2 4 5 0 1 7 6 3
0 9 10 2 0 5 3 1 4 7 6
0 10 10 2 5 0 3 1 4 7 6
0 11 8 2 5 7 3 1 4 0 6
0 12 6 2 5 7 3 1 4 6 0
0 11 8 2 5 3 0 1 4 7 6
0 14 6 2 5 3 7 1 4 0 6
0 15 4 2 5 3 7 1 4 6 0
0 16 6 2 5 3 0 1 4 6 7
0 13 8 2 5 7 0 1 4 6 3
0 15 8 2 5 0 3 1 4 6 7
0 12 8 2 5 3 6 1 4 7 0
0 15 8 2 5 0 7 1 4 3 6
0 15 8 2 5 3 7 1 0 4 6
0 18 8 2 5 0 7 1 4 6 3
0 17 8 2 5 0 3 1 4 6 7
0 19 8 2 5 3 6 1 4 0 7
0 14 8 2 5 0 7 1 4 6 3
0 16 8 2 5 6 3 1 4 0 7
0 16 8 2 0 5 3 1 4 6 7
0 13 8 2 5 3 6 1 4 0 7
0 16 8 2 0 5 7 1 4 3 6
0 16 8 2 5 7 0 1 4 3 6
0 19 8 2 5 6 7 1 4 0 3
0 20 6 2 5 6 7 1 4 3 0
0 19 8 2 0 5 7 1 4 6 3
0 18 8 2 5 6 3 1 4 0 7
0 18 8 2 0 5 3 1 4 6 7
0 15 8 2 5 6 7 1 4 0 3
0 15 8 2 0 5 7 1 4 6 3
0 17 8 2 5 6 3 1 4 7 0
0 17 8 2 4 5 3 1 0 6 7
0 17 8 2 4 5 7 1 0 3 6
0 18 6 2 4 5 7 1 3 0 6
0 19 4 2 4 5 7 1 3 6 0
0 20 6 2 4 5 0 1 3 6 7
0 17 8 2 5 7 6 1 4 3 0
0 21 8 2 5 6 0 1 4 3 7
0 20 8 2 4 5 7 1 0 6 3
0 19 8 2 5 6 3 1 4 7 0
0 19 8 2 4 5 3 1 0 6 7
0 16 8 2 4 5 7 1 0 6 3
0 18 8 2 4 5 3 1 6 0 7
0 19 8 2 4 0 7 1 3 5 6
0 22 8 2 4 0 7 1 3 6 5
0 21 8 2 4 0 5 1 3 6 7
0 23 8 2 4 5 6 1 3 0 7
0 21 8 2 4 5 7 1 6 0 3
0 22 6 2 4 5 7 1 6 3 0
0 20 8 2 4 5 3 1 6 0 7
0 17 8 2 4 5 7 1 6 0 3
0 19 8 2 4 5 3 1 6 7 0
0 20 8 2 4 7 0 1 3 5 6
0 23 8 2 4 6 7 1 3 0 5
0 24 6 2 4 6 7 1 3 5 0
0 23 8 2 4 7 0 1 3 6 5
0 24 6 2 4 7 5 1 3 6 0
0 22 8 2 4 6 5 1 3 0 7
0 24 8 2 4 5 6 1 3 7 0
0 23 8 2 4 5 0 1 6 3 7
0 21 8 2 4 5 3 1 6 7 0
0 21 8 2 4 7 6 1 3 5 0
0 23 8 2 4 7 5 1 3 0 6
0 25 8 2 4 6 0 1 3 5 7
0 25 8 2 4 7 5 1 3 0 6
0 23 8 2 4 6 5 1 3 7 0
0 25 8 2 4 5 0 1 3 7 6
0 12 10 2 5 7 3 1 0 4 6
0 17 10 2 5 3 7 0 4 6 1
0 18 10 0 5 3 7 1 4 6 2
0 19 8 1 5 3 7 0 4 6 2
0 21 2 1 5 3 7 2 4 6 0
0 22 4 1 5 3 0 2 4 6 7
0 22 4 1 5 3 7 2 4 0 6
0 24 6 1 5 0 7 2 4 6 3
0 23 6 1 5 0 3 2 4 6 7
0 25 6 1 5 3 6 2 4 0 7
0 23 6 1 5 0 7 2 4 3 6
0 23 6 1 5 3 7 2 0 4 6
0 25 6 1 5 6 7 2 4 0 3
0 26 4 1 5 6 7 2 4 3 0
0 25 6 1 0 5 7 2 4 6 3
0 25 6 1 5 7 0 2 4 6 3
0 26 4 1 5 7 3 2 4 6 0
0 24 6 1 5 6 3 2 4 0 7
0 24 6 1 0 5 3 2 4 6 7
0 26 6 1 5 3 6 2 4 7 0
0 24 6 1 0 5 7 2 4 3 6
0 24 6 1 5 7 0 2 4 3 6
0 27 6 1 5 6 0 2 4 3 7
0 26 6 1 4 5 7 2 0 6 3
0 27 6 1 5 7 3 2 4 0 6
0 25 6 1 5 6 3 2 4 7 0
0 25 6 1 4 5 3 2 0 6 7
0 27 6 1 5 3 0 2 4 7 6
0 25 6 1 4 5 7 2 0 3 6
0 26 4 1 4 5 7 2 3 0 6
0 27 2 1 4 5 7 2 3 6 0
0 28 4 1 4 5 0 2 3 6 7
0 25 6 1 5 7 6 2 4 3 0
0 27 6 1 5 7 3 2 4 0 6
0 27 6 1 4 5 7 2 6 0 3
0 28 4 1 4 5 7 2 6 3 0
0 26 6 1 4 5 3 2 6 0 7
0 27 6 1 4 0 7 2 3 5 6
0 30 6 1 4 0 7 2 3 6 5
0 29 6 1 4 0 5 2 3 6 7
0 31 6 1 4 5 6 2 3 0 7
0 29 6 1 4 5 0 2 6 3 7
0 27 6 1 4 5 3 2 6 7 0
0 28 6 1 4 7 0 2 3 5 6
0 31 6 1 4 6 7 2 3 0 5
0 32 4 1 4 6 7 2 3 5 0
0 31 6 1 4 7 0 2 3 6 5
0 32 4 1 4 7 5 2 3 6 0
0 30 6 1 4 6 5 2 3 0 7
0 32 6 1 4 5 6 2 3 7 0
0 29 6 1 4 7 6 2 3 5 0
0 31 6 1 4 7 5 2 3 0 6
0 33 6 1 4 6 0 2 3 5 7
0 33 6 1 4 7 5 2 3 0 6
0 31 6 1 4 6 5 2 3 7 0
0 33 6 1 4 5 0 2 3 7 6
0 20 8 1 5 3 7 4 0 6 2
0 26 8 1 5 0 6 2 4 3 7
0 26 8 1 5 3 6 2 0 4 7
0 24 8 1 0 3 7 2 5 4 6
0 25 6 1 3 0 7 2 5 4 6
0 26 6 1 3 4 7 2 5 0 6
0 27 4 1 3 4 7 2 5 6 0
0 26 6 1 3 7 0 2 5 4 6
0 27 6 1 3 4 7 2 0 5 6
0 28 6 1 3 4 0 2 5 6 7
0 30 6 1 3 0 7 2 5 6 4
0 27 6 1 3 7 6 2 5 4 0
0 31 6 1 3 6 7 2 5 0 4
0 32 4 1 3 6 7 2 5 4 0
0 31 6 1 3 7 0 2 5 6 4
0 32 6 1 3 6 7 2 0 5 4
0 33 6 1 3 6 0 2 5 4 7
0 32 6 1 3 7 4 2 5 6 0
0 24 8 1 5 3 7 0 2 4 6
0 26 6 1 5 3 7 6 2 4 0
0 26 8 1 5 6 7 2 0 4 3
0 26 8 0 1 5 7 2 4 6 3
0 29 2 3 1 5 7 2 4 6 0
0 30 4 3 1 5 0 2 4 6 7
0 30 4 3 1 5 7 2 4 0 6
0 32 6 3 1 0 7 2 4 6 5
0 31 6 3 1 0 5 2 4 6 7
0 33 6 3 1 5 6 2 4 0 7
0 31 6 3 1 0 7 2 4 5 6
0 31 6 3 1 5 7 2 0 4 6
0 33 6 3 1 6 7 2 4 0 5
0 34 4 3 1 6 7 2 4 5 0
0 33 6 3 1 7 0 2 4 6 5
0 34 4 3 1 7 5 2 4 6 0
0 32 6 3 1 6 5 2 4 0 7
0 34 6 3 1 5 6 2 4 7 0
0 32 6 3 1 7 0 2 4 5 6
0 35 6 3 1 6 0 2 4 5 7
0 35 6 3 1 7 5 2 4 0 6
0 33 6 3 1 6 5 2 4 7 0
0 35 6 3 1 5 0 2 4 7 6
0 33 6 3 1 7 6 2 4 5 0
0 35 6 3 1 7 5 2 4 0 6
0 28 8 1 5 7 6 2 4 0 3
0 25 8 1 5 6 3 2 0 4 7
0 25 8 0 1 5 3 2 4 6 7
0 28 6 7 1 5 3 2 4 6 0
0 25 8 0 1 5 7 2 4 3 6
0 28 6 6 1 5 7 2 4 3 0
0 28 8 1 5 0 6 2 4 3 7
0 27 8 1 4 5 7 0 2 6 3
0 29 4 1 4 5 7 3 2 6 0
0 30 6 1 4 5 0 3 2 6 7
0 30 6 1 4 5 7 3 2 0 6
0 28 8 1 5 0 3 2 4 7 6
0 28 8 1 5 7 3 2 0 4 6
0 26 8 1 5 6 0 2 4 7 3
0 28 8 1 5 0 3 2 4 7 6
0 26 8 1 4 5 3 0 2 6 7
0 28 8 1 5 0 3 2 4 7 6
0 26 8 1 4 5 7 0 2 3 6
0 28 6 1 4 5 7 6 2 3 0
0 29 8 1 4 5 7 0 3 6 2
0 26 8 1 5 7 6 2 4 0 3
0 28 8 1 5 0 6 2 4 3 7
0 28 8 1 5 0 3 2 4 7 6
0 28 8 1 5 7 3 2 0 4 6
0 28 8 1 4 0 7 2 6 5 3
0 31 8 1 4 0 7 2 6 3 5
0 32 6 1 4 3 7 2 6 0 5
0 33 4 1 4 3 7 2 6 5 0
0 33 6 1 4 3 7 2 0 6 5
0 34 6 1 4 3 0 2 6 5 7
0 34 6 1 0 3 7 2 4 6 5
0 35 4 1 3 0 7 2 4 6 5
0 36 4 1 3 6 7 2 4 0 5
0 37 2 1 3 6 7 2 4 5 0
0 36 4 1 3 7 0 2 4 6 5
0 37 2 1 3 7 5 2 4 6 0
0 38 4 1 3 6 0 2 4 5 7
0 40 4 1 3 0 7 2 4 5 6
0 41 2 1 3 5 7 2 4 0 6
