0 0 0 0 4 5 6 1 7 3 2
0 1 12 1 4 5 6 0 7 3 2
0 1 12 4 0 5 6 1 7 3 2
0 3 12 7 4 5 6 1 0 3 2
0 3 12 2 4 5 6 1 7 3 0
0 2 12 1 4 5 6 7 0 3 2
0 3 12 1 4 5 6 2 7 3 0
0 4 12 1 0 5 6 4 7 3 2
0 4 12 1 4 5 0 6 7 3 2
0 2 12 4 7 5 6 1 0 3 2
0 4 12 7 0 5 6 1 4 3 2
0 4 12 7 4 5 6 0 1 3 2
0 4 12 7 4 5 6 1 3 0 2
0 4 12 2 4 5 6 1 7 0 3
0 5 12 2 4 5 6 0 7 3 1
0 3 12 1 0 5 6 7 4 3 2
0 3 12 1 4 5 6 7 3 0 2
0 4 12 1 4 5 0 2 7 3 6
0 4 12 1 4 5 6 2 7 0 3
0 5 10 1 4 5 6 2 0 7 3
0 6 10 1 0 5 6 2 4 7 3
0 6 10 1 4 5 6 0 2 7 3
0 7 10 1 5 0 6 2 4 7 3
0 8 10 1 4 5 6 3 2 7 0
0 9 10 1 0 5 6 4 2 7 3
0 10 8 1 2 5 6 4 0 7 3
0 11 8 1 2 5 6 0 4 7 3
0 13 8 1 2 5 6 3 4 7 0
0 14 8 1 2 5 0 6 4 7 3
0 14 8 1 2 5 0 3 4 7 6
0 16 8 1 2 0 6 3 4 7 5
0 15 8 1 2 5 3 6 4 7 0
0 15 8 1 2 0 5 6 4 7 3
0 15 8 1 2 0 5 3 4 7 6
0 17 8 1 2 5 3 0 4 7 6
0 17 8 1 2 6 0 3 4 7 5
0 17 8 1 2 5 3 0 4 7 6
0 18 8 1 2 0 3 6 4 7 5
0 19 6 1 2 3 0 6 4 7 5
0 20 6 1 2 3 5 6 4 7 0
0 22 6 1 2 3 6 0 4 7 5
0 24 4 1 2 3 6 5 4 7 0
0 25 4 1 2 3 0 5 4 7 6
0 22 6 1 2 3 5 0 4 7 6
0 23 6 1 2 3 6 4 0 7 5
0 25 6 1 2 3 6 5 4 0 7
0 27 6 1 2 0 6 5 4 7 3
0 27 6 0 2 3 6 5 4 7 1
0 26 6 1 2 0 3 5 4 7 6
0 27 6 0 2 3 1 5 4 7 6
0 28 6 1 2 3 7 5 4 0 6
0 28 6 1 2 3 5 0 4 7 6
0 23 6 1 2 3 5 4 0 7 6
0 26 6 1 2 3 6 5 0 4 7
0 28 6 1 2 6 0 5 4 7 3
0 29 6 6 2 3 0 5 4 7 1
0 30 6 4 2 3 6 5 0 7 1
0 30 6 4 2 3 1 5 0 7 6
0 30 6 6 2 3 1 5 4 7 0
0 29 6 1 2 3 7 5 0 4 6
0 29 6 1 2 3 7 5 4 6 0
0 29 6 1 2 3 5 4 0 7 6
0 29 6 1 2 6 3 5 4 7 0
0 30 6 6 2 3 1 5 4 7 0
0 30 6 1 2 3 0 5 4 6 7
0 18 8 1 2 5 3 4 0 7 6
0 18 8 1 2 6 5 3 4 7 0
0 20 8 1 2 6 3 0 4 7 5
0 18 8 1 2 5 3 4 0 7 6
0 21 8 0 2 3 1 6 4 7 5
0 22 8 1 2 3 7 6 4 0 5
0 21 8 1 2 3 5 6 4 0 7
0 23 8 0 2 3 5 6 4 7 1
0 23 8 0 2 3 6 1 4 7 5
0 25 8 1 0 3 6 2 4 7 5
0 23 8 0 2 3 5 1 4 7 6
0 25 8 1 0 3 5 2 4 7 6
0 24 8 1 0 3 6 4 2 7 5
0 24 8 1 2 3 6 4 7 0 5
0 26 8 1 2 0 6 5 4 3 7
0 28 8 1 2 7 6 5 4 0 3
0 28 8 1 0 2 6 5 4 7 3
0 28 8 5 2 3 6 0 4 7 1
0 28 8 2 0 3 6 5 4 7 1
0 27 8 1 2 7 3 5 4 0 6
0 27 8 1 0 2 3 5 4 7 6
0 28 8 5 2 3 1 0 4 7 6
0 28 8 2 0 3 1 5 4 7 6
0 29 8 1 2 0 7 5 4 3 6
0 29 8 0 2 3 5 1 4 7 6
0 31 8 1 0 3 5 2 4 7 6
0 24 8 1 0 3 5 4 2 7 6
0 24 8 1 2 3 5 4 7 0 6
0 27 8 1 0 3 6 5 2 4 7
0 27 8 1 2 3 6 0 5 4 7
0 30 8 0 2 6 1 5 4 7 3
0 31 8 1 2 6 7 5 4 0 3
0 31 8 1 2 6 5 0 4 7 3
0 30 8 6 2 0 3 5 4 7 1
0 32 8 6 2 3 7 5 4 0 1
0 32 8 6 2 3 5 0 4 7 1
0 31 8 4 0 3 6 5 2 7 1
0 31 8 4 2 3 6 0 5 7 1
0 31 8 4 2 3 6 5 7 0 1
0 31 8 4 0 3 1 5 2 7 6
0 31 8 4 2 3 1 0 5 7 6
0 31 8 4 2 3 1 5 7 0 6
0 31 8 6 2 3 1 5 4 0 7
0 32 8 6 2 3 1 0 4 7 5
0 33 8 6 2 0 1 5 4 7 3
0 30 8 1 0 3 7 5 2 4 6
0 30 8 1 2 3 7 0 5 4 6
0 31 8 1 2 3 7 0 4 6 5
0 32 8 1 2 0 7 5 4 6 3
0 32 8 0 2 3 7 5 4 6 1
0 30 8 1 0 3 5 4 2 7 6
0 30 8 1 2 3 5 4 7 0 6
0 30 8 1 2 6 3 5 4 0 7
0 31 8 1 2 6 3 0 4 7 5
0 32 8 0 2 6 3 5 4 7 1
0 31 8 6 2 3 1 5 4 0 7
0 32 8 6 2 3 1 0 4 7 5
0 33 8 6 2 0 1 5 4 7 3
0 31 8 1 2 0 3 5 4 6 7
0 32 8 0 2 3 1 5 4 6 7
0 33 8 1 2 3 5 0 4 6 7
0 20 8 1 2 6 5 0 4 7 3
0 21 8 1 2 6 3 4 0 7 5
0 22 8 6 2 3 1 0 4 7 5
0 24 8 4 2 3 1 6 0 7 5
0 25 6 4 2 3 1 0 6 7 5
0 27 4 4 2 3 1 5 6 7 0
0 28 4 4 2 3 0 5 6 7 1
0 30 2 0 2 3 4 5 6 7 1
