0 0 0 1 7 4 2 6 3 5 0
0 2 10 1 7 4 2 0 3 5 6
0 3 10 1 7 4 2 3 0 5 6
0 5 10 1 0 4 2 7 3 5 6
0 5 10 1 7 4 0 2 3 5 6
0 4 10 1 0 4 2 3 7 5 6
0 4 10 1 7 4 2 3 5 0 6
0 6 10 1 3 4 2 7 0 5 6
0 6 10 1 4 0 2 7 3 5 6
0 6 10 1 7 0 4 2 3 5 6
0 7 10 0 7 4 1 2 3 5 6
0 8 10 1 7 4 5 2 3 0 6
0 5 10 1 4 0 2 3 7 5 6
0 7 10 1 3 4 2 0 7 5 6
0 7 10 1 3 4 2 7 5 0 6
0 7 10 1 4 5 2 7 3 0 6
0 7 10 1 4 2 0 7 3 5 6
0 7 10 1 7 5 4 2 3 0 6
0 7 10 1 0 7 4 2 3 5 6
0 8 10 7 0 4 1 2 3 5 6
0 10 10 3 7 4 1 2 0 5 6
0 9 10 1 7 0 5 2 3 4 6
0 9 10 1 7 4 5 2 0 3 6
0 9 10 1 7 4 5 2 3 6 0
0 6 10 1 4 2 0 3 7 5 6
0 8 10 0 3 4 2 1 7 5 6
0 10 10 1 3 4 0 2 7 5 6
0 10 10 1 4 2 5 7 3 0 6
0 10 10 1 4 2 7 0 3 5 6
0 8 10 1 7 5 4 2 0 3 6
0 8 10 1 7 5 4 2 3 6 0
0 8 10 1 3 7 4 2 0 5 6
0 8 10 0 1 7 4 2 3 5 6
0 9 10 7 3 4 1 2 0 5 6
0 9 10 7 4 0 1 2 3 5 6
0 11 10 3 0 4 1 2 7 5 6
0 11 10 3 7 4 1 2 5 0 6
0 10 10 1 0 7 5 2 3 4 6
0 10 10 1 7 5 0 2 3 4 6
0 10 10 1 0 4 5 2 7 3 6
0 10 10 1 7 4 5 0 2 3 6
0 11 10 1 7 4 5 0 3 6 2
0 12 10 1 7 0 5 2 3 6 4
0 12 10 0 7 4 5 2 3 6 1
0 9 10 1 4 2 3 0 7 5 6
0 10 10 2 3 4 0 1 7 5 6
0 11 10 7 3 4 2 1 0 5 6
0 11 10 1 3 0 4 2 7 5 6
0 12 8 1 0 3 4 2 7 5 6
0 13 8 1 7 3 4 2 0 5 6
0 14 8 1 7 3 4 0 2 5 6
0 14 8 1 7 3 4 2 5 0 6
0 16 8 1 7 3 4 6 2 5 0
0 17 8 1 0 3 4 7 2 5 6
0 18 6 1 2 3 4 7 0 5 6
0 19 6 1 2 3 4 0 7 5 6
0 19 6 1 2 3 4 7 5 0 6
0 21 6 1 2 3 4 6 7 5 0
0 20 6 1 2 3 4 7 5 6 0
0 22 3 1 2 3 4 0 5 6 7
0 23 2 1 2 3 4 5 0 6 7
0 24 1 1 2 3 4 5 6 0 7
