0 0 0 0 4 3 2 7 5 6 1
11 3 8 1 4 3 2 7 5 6 0
14 2 12 2 4 3 0 7 5 6 1
13 3 10 2 4 3 1 7 5 6 0
14 4 10 1 4 3 0 7 5 6 2
14 4 10 1 4 3 2 7 5 0 6
15 5 10 1 4 3 2 0 5 6 7
14 6 8 1 4 3 2 5 0 6 7
13 7 6 1 4 3 2 5 6 0 7
12 8 4 1 4 3 2 5 6 7 0
14 8 6 1 4 3 0 2 5 6 7
13 9 4 1 4 3 7 2 5 6 0
15 9 6 1 4 3 0 5 6 7 2
16 4 12 2 4 3 1 7 5 0 6
16 8 8 1 4 0 2 5 6 3 7
15 9 6 1 4 2 0 5 6 3 7
16 10 6 1 4 3 7 2 5 0 6
16 10 6 1 4 2 7 5 6 3 0
17 1 16 7 4 3 2 0 5 6 1
13 3 10 7 4 3 2 1 5 6 0
16 2 14 7 4 3 2 5 0 6 1
15 3 12 7 4 3 2 5 6 0 1
14 4 10 7 4 3 2 5 6 1 0
16 4 12 7 4 3 0 2 5 6 1
15 5 10 7 4 3 1 2 5 6 0
16 4 12 7 4 3 0 1 5 6 2
16 4 12 7 4 3 2 1 5 0 6
17 1 16 4 0 3 2 7 5 6 1
17 3 14 5 4 3 2 7 0 6 1
16 4 12 5 4 3 2 7 6 0 1
15 5 10 5 4 3 2 7 6 1 0
17 3 14 2 4 0 3 7 5 6 1
17 5 12 2 4 3 7 0 5 6 1
13 7 6 2 4 3 7 1 5 6 0
16 8 8 2 4 3 0 1 5 6 7
16 8 8 2 4 3 7 1 5 0 6
17 5 12 2 4 3 1 0 5 6 7
16 6 10 2 4 3 1 5 0 6 7
15 7 8 2 4 3 1 5 6 0 7
14 8 6 2 4 3 1 5 6 7 0
17 5 12 1 4 0 3 7 5 6 2
17 7 10 1 4 3 7 0 5 6 2
17 5 12 1 4 0 2 7 5 3 6
16 6 10 1 4 2 0 7 5 3 6
17 5 12 1 4 3 2 7 0 5 6
17 7 10 1 0 3 2 5 4 6 7
17 9 8 1 4 0 3 2 5 6 7
17 9 8 1 0 4 2 5 6 3 7
17 11 6 1 4 3 7 2 0 5 6
17 5 12 7 4 3 0 5 6 1 2
17 9 8 2 4 3 7 1 0 5 6
17 9 8 2 4 3 0 5 6 7 1
17 7 10 1 4 2 6 7 5 3 0
18 6 12 1 4 0 2 7 5 6 3
17 7 10 1 4 2 0 7 5 6 3
16 8 8 1 4 2 3 7 5 6 0
18 6 12 0 4 3 2 1 5 6 7
18 10 8 1 4 0 3 5 6 7 2
18 12 6 1 4 2 3 5 6 0 7
17 13 4 1 4 2 3 5 6 7 0
18 6 12 0 4 3 2 1 5 6 7
18 4 14 7 4 0 2 5 6 3 1
17 5 12 7 4 2 0 5 6 3 1
16 6 10 7 4 2 1 5 6 3 0
18 6 12 0 4 3 7 2 5 6 1
18 6 12 0 4 3 7 2 5 6 1
18 6 12 7 4 3 1 2 5 0 6
18 6 12 0 4 3 7 1 5 6 2
18 2 16 4 5 3 2 7 0 6 1
17 3 14 4 5 3 2 7 6 0 1
16 4 12 4 5 3 2 7 6 1 0
18 2 16 4 3 0 2 7 5 6 1
17 3 14 4 3 2 0 7 5 6 1
16 4 12 4 3 2 1 7 5 6 0
18 4 14 5 4 3 2 0 7 6 1
14 6 8 5 4 3 2 1 7 6 0
17 7 10 5 4 3 0 1 7 6 2
17 7 10 5 4 3 2 1 7 0 6
18 6 12 5 4 3 0 7 6 1 2
18 4 14 2 4 6 3 7 5 0 1
17 5 12 2 4 6 3 7 5 1 0
18 4 14 2 0 4 3 7 5 6 1
18 6 12 0 4 3 7 2 5 6 1
18 6 12 2 4 3 7 5 0 6 1
17 7 10 2 4 3 7 5 6 0 1
16 8 8 2 4 3 7 5 6 1 0
17 7 10 2 4 3 7 5 6 0 1
17 9 8 2 4 3 0 5 6 1 7
18 6 12 0 4 3 1 2 5 6 7
18 6 12 0 4 3 1 2 5 6 7
18 8 10 2 4 0 1 5 6 3 7
17 9 8 2 4 1 0 5 6 3 7
18 6 12 1 4 6 3 7 5 0 2
17 7 10 1 4 6 3 7 5 2 0
18 6 12 1 0 4 3 7 5 6 2
18 8 10 1 4 3 7 5 0 6 2
17 9 8 1 4 3 7 5 6 0 2
16 10 6 1 4 3 7 5 6 2 0
17 9 8 1 4 3 7 5 6 0 2
17 11 6 1 4 3 0 5 6 2 7
18 6 12 1 0 4 2 7 5 3 6
18 6 12 1 4 3 2 0 7 5 6
16 8 8 1 4 3 2 6 7 5 0
17 9 8 1 4 3 0 2 7 5 6
18 8 10 1 3 0 2 5 4 6 7
17 9 8 1 3 2 0 5 4 6 7
16 10 6 1 3 2 7 5 4 6 0
18 10 8 1 4 6 3 2 5 0 7
18 10 8 1 6 4 2 5 0 3 7
18 12 6 1 0 3 7 2 4 5 6
17 13 4 1 3 0 7 2 4 5 6
16 14 2 1 3 5 7 2 4 0 6
