0 0 0 0 4 3 2 7 5 6 1
0 3 10 1 4 3 2 7 5 6 0
0 4 10 1 4 3 0 7 5 6 2
0 4 10 1 4 3 2 7 5 0 6
0 5 10 1 4 3 2 0 5 6 7
0 6 8 1 4 3 2 5 0 6 7
0 7 6 1 4 3 2 5 6 0 7
0 8 4 1 4 3 2 5 6 7 0
0 9 4 1 4 3 0 5 6 7 2
0 10 6 1 4 3 2 0 6 7 5
0 11 6 1 4 0 2 5 6 7 3
0 11 6 0 4 3 2 5 6 7 1
0 10 6 1 4 0 3 5 6 7 2
0 11 6 0 4 3 1 5 6 7 2
0 12 6 1 4 3 7 5 6 0 2
0 12 6 1 4 3 5 0 6 7 2
0 13 6 1 0 3 2 4 6 7 5
0 13 6 1 4 3 0 2 6 7 5
0 12 6 1 0 4 2 5 6 7 3
0 12 6 1 4 2 0 5 6 7 3
0 12 6 4 0 3 2 5 6 7 1
0 13 6 2 4 3 0 5 6 7 1
0 11 6 1 0 4 3 5 6 7 2
0 12 6 4 0 3 1 5 6 7 2
0 14 6 2 4 3 1 5 6 7 0
0 13 6 1 4 3 7 5 6 2 0
0 14 6 1 4 3 5 2 6 7 0
0 15 6 1 0 3 5 4 6 7 2
0 14 6 1 4 3 5 2 6 7 0
0 13 6 1 4 2 3 5 6 7 0
0 14 6 2 4 3 1 5 6 7 0
0 14 6 1 4 3 0 5 6 2 7
0 7 8 1 0 3 2 5 4 6 7
0 8 8 1 4 0 2 5 6 3 7
0 11 8 0 4 3 2 1 6 7 5
0 11 8 1 4 3 2 6 0 7 5
0 12 8 1 4 7 2 5 6 0 3
0 12 8 5 4 3 2 0 6 7 1
0 14 8 6 4 3 2 5 0 7 1
0 11 8 1 4 7 3 5 6 0 2
0 12 8 5 4 3 1 0 6 7 2
0 14 8 6 4 3 1 5 0 7 2
0 13 8 1 4 0 7 5 6 3 2
0 13 8 1 4 3 7 5 0 6 2
0 13 8 0 4 3 5 1 6 7 2
0 13 8 1 4 3 5 6 0 7 2
0 14 8 1 6 3 2 4 0 7 5
0 14 8 0 1 3 2 4 6 7 5
0 14 8 1 3 0 2 4 6 7 5
0 14 8 1 4 0 3 2 6 7 5
0 15 8 0 4 3 1 2 6 7 5
0 16 8 1 4 3 7 2 6 0 5
0 13 8 1 6 4 2 5 0 7 3
0 13 8 0 1 4 2 5 6 7 3
0 14 8 0 4 2 1 5 6 7 3
0 15 8 1 4 2 7 5 6 0 3
0 15 8 1 4 2 5 0 6 7 3
0 13 8 4 6 3 2 5 0 7 1
0 13 8 4 3 0 2 5 6 7 1
0 14 8 2 4 0 3 5 6 7 1
0 16 8 2 4 3 7 5 6 0 1
0 16 8 2 4 3 5 0 6 7 1
0 12 8 1 6 4 3 5 0 7 2
0 12 8 0 1 4 3 5 6 7 2
0 13 8 4 6 3 1 5 0 7 2
0 13 8 4 3 0 1 5 6 7 2
0 15 8 2 4 3 1 5 6 0 7
0 16 8 2 4 3 1 0 6 7 5
0 17 8 2 4 0 1 5 6 7 3
0 15 8 1 4 3 7 0 6 2 5
0 16 8 1 4 0 7 5 6 2 3
0 16 8 0 4 3 7 5 6 2 1
0 15 8 1 4 3 5 2 6 0 7
0 17 8 1 4 0 5 2 6 7 3
0 17 8 0 4 3 5 2 6 7 1
0 16 8 1 6 3 5 4 0 7 2
0 16 8 0 1 3 5 4 6 7 2
0 16 8 1 3 0 5 4 6 7 2
0 15 8 1 4 3 5 2 6 0 7
0 17 8 1 4 0 5 2 6 7 3
0 17 8 0 4 3 5 2 6 7 1
0 14 8 1 4 2 3 5 6 0 7
0 15 8 1 4 2 3 0 6 7 5
0 16 8 0 4 2 3 5 6 7 1
0 15 8 2 4 3 1 5 6 0 7
0 16 8 2 4 3 1 0 6 7 5
0 17 8 2 4 0 1 5 6 7 3
0 15 8 1 4 0 3 5 6 2 7
0 16 8 0 4 3 1 5 6 2 7
0 17 8 1 4 3 5 0 6 2 7
0 9 8 1 0 4 2 5 6 3 7
0 9 8 1 4 2 0 5 6 3 7
0 12 8 4 0 3 2 1 6 7 5
0 13 8 2 4 3 0 1 6 7 5
0 14 8 5 4 3 2 1 6 7 0
0 12 8 1 0 3 2 6 4 7 5
0 13 8 1 4 7 2 5 6 3 0
0 14 8 5 4 3 2 1 6 7 0
0 15 8 5 0 3 2 4 6 7 1
0 15 8 5 4 3 0 2 6 7 1
0 15 8 6 0 3 2 5 4 7 1
0 12 8 1 4 7 3 5 6 2 0
0 14 8 5 4 3 1 2 6 7 0
0 15 8 5 0 3 1 4 6 7 2
0 15 8 5 4 3 0 1 6 7 2
0 15 8 6 0 3 1 5 4 7 2
0 14 8 1 0 4 7 5 6 3 2
0 14 8 1 4 7 0 5 6 3 2
0 14 8 1 0 3 7 5 4 6 2
0 14 8 4 0 3 5 1 6 7 2
0 15 8 5 4 3 0 1 6 7 2
0 16 8 2 4 3 5 1 6 7 0
0 14 8 1 0 3 5 6 4 7 2
0 15 8 1 6 3 2 0 4 7 5
0 17 6 1 6 3 2 5 4 7 0
0 18 6 1 6 3 0 5 4 7 2
0 15 8 4 1 3 2 0 6 7 5
0 17 6 4 1 3 2 5 6 7 0
0 18 6 4 1 3 0 5 6 7 2
0 20 4 0 1 3 4 5 6 7 2
0 21 2 1 0 3 4 5 6 7 2
0 23 4 2 1 3 4 5 6 7 0
0 22 4 1 6 3 4 5 0 7 2
0 22 4 1 3 0 4 5 6 7 2
0 20 6 0 1 3 2 5 6 7 4
0 21 4 1 0 3 2 5 6 7 4
0 21 6 5 1 3 4 0 6 7 2
0 23 6 6 1 3 4 5 0 7 2
0 24 6 2 1 3 0 5 6 7 4
0 24 6 2 1 3 4 5 6 0 7
0 25 6 2 1 3 4 0 6 7 5
0 26 6 2 1 0 4 5 6 7 3
0 23 6 1 6 3 4 0 5 7 2
0 23 6 1 6 3 4 5 7 0 2
0 23 6 1 3 7 4 5 6 0 2
0 23 6 1 3 4 0 5 6 7 2
0 22 6 2 1 3 0 5 6 7 4
0 22 6 1 6 3 2 5 0 7 4
0 22 6 1 3 0 2 5 6 7 4
0 23 6 5 1 3 4 2 6 7 0
0 24 6 5 0 3 4 1 6 7 2
0 24 6 6 0 3 4 5 1 7 2
0 26 6 0 1 3 4 2 6 7 5
0 27 4 1 0 3 4 2 6 7 5
0 28 6 2 0 3 4 1 6 7 5
0 29 4 0 2 3 4 1 6 7 5
0 30 2 1 2 3 4 0 6 7 5
