0 0 0 0 6 7 3 4 1 2 5
15 1 14 4 6 7 3 0 1 2 5
15 1 14 6 0 7 3 4 1 2 5
15 3 12 1 6 7 3 4 0 2 5
14 4 10 1 0 7 3 4 6 2 5
15 3 12 4 6 7 3 5 1 2 0
15 5 10 1 7 0 3 4 6 2 5
14 6 8 1 7 3 0 4 6 2 5
15 7 8 1 7 3 5 4 6 2 0
15 9 6 1 7 3 4 0 6 2 5
15 11 4 1 7 3 4 5 6 2 0
16 2 14 3 6 7 0 4 1 2 5
16 2 14 4 6 7 3 1 0 2 5
15 3 12 4 0 7 3 1 6 2 5
16 2 14 6 1 7 3 4 0 2 5
16 2 14 6 7 0 3 4 1 2 5
15 3 12 6 7 3 0 4 1 2 5
16 4 12 1 6 7 3 0 4 2 5
16 4 12 1 6 7 3 4 2 0 5
15 5 10 1 6 0 3 4 2 7 5
14 6 8 1 6 3 0 4 2 7 5
15 7 8 1 6 3 5 4 2 7 0
15 9 6 1 6 3 4 0 2 7 5
15 11 4 1 6 3 4 5 2 7 0
16 4 12 4 6 7 0 5 1 2 3
16 4 12 4 6 7 3 5 1 0 2
15 5 10 4 6 0 3 5 1 7 2
14 6 8 4 6 3 0 5 1 7 2
14 8 6 0 6 3 4 5 1 7 2
15 7 8 4 6 3 2 5 1 7 0
15 9 6 6 0 3 4 5 1 7 2
15 11 4 1 6 3 4 5 0 7 2
14 12 2 1 0 3 4 5 6 7 2
16 6 10 1 7 2 3 4 6 0 5
16 8 8 1 7 3 5 4 6 0 2
16 12 4 1 7 3 4 5 6 0 2
16 4 12 0 4 7 3 1 6 2 5
15 5 10 1 4 7 3 0 6 2 5
15 7 8 1 4 7 3 5 6 2 0
16 4 12 4 7 0 3 1 6 2 5
15 5 10 4 7 3 0 1 6 2 5
15 7 8 0 7 3 4 1 6 2 5
14 8 6 1 7 3 4 0 6 2 5
14 10 4 1 7 3 4 5 6 2 0
15 7 8 0 7 3 4 1 6 2 5
15 11 4 1 7 3 4 5 6 0 2
16 4 12 6 7 3 5 4 1 2 0
16 6 10 6 7 3 4 0 1 2 5
16 6 10 1 6 7 3 5 4 2 0
16 6 10 1 0 6 3 4 2 7 5
15 7 8 1 2 6 3 4 0 7 5
16 10 6 1 6 3 4 2 0 7 5
15 11 4 1 0 3 4 2 6 7 5
16 6 10 0 6 7 4 5 1 2 3
16 6 10 4 0 6 3 5 1 7 2
16 10 6 6 1 3 4 5 0 7 2
16 8 8 1 4 7 0 5 6 2 3
16 8 8 1 4 7 3 5 6 0 2
15 9 6 1 4 0 3 5 6 7 2
14 10 4 1 4 3 0 5 6 7 2
15 11 4 1 4 3 2 5 6 7 0
16 6 10 4 7 3 5 1 6 2 0
16 8 8 7 0 3 4 1 6 2 5
16 8 8 7 0 3 4 1 6 2 5
16 8 8 6 7 3 4 5 1 2 0
16 8 8 1 2 6 3 0 4 7 5
16 10 6 1 0 4 3 5 6 7 2
16 10 6 1 2 6 3 5 4 7 0
17 3 14 5 6 7 3 4 1 2 0
17 5 12 0 1 7 3 4 6 2 5
17 9 8 1 7 3 2 4 6 0 5
17 9 8 1 7 3 5 0 6 2 4
17 3 14 3 6 7 5 4 1 2 0
17 3 14 3 6 0 7 4 1 2 5
17 5 12 3 6 7 4 0 1 2 5
17 3 14 4 6 7 3 1 2 0 5
16 4 12 4 6 0 3 1 2 7 5
15 5 10 4 6 3 0 1 2 7 5
15 7 8 0 6 3 4 1 2 7 5
14 8 6 1 6 3 4 0 2 7 5
14 10 4 1 6 3 4 5 2 7 0
15 7 8 0 6 3 4 1 2 7 5
15 9 6 1 6 3 4 2 0 7 5
14 10 4 1 0 3 4 2 6 7 5
16 6 10 4 6 3 5 1 2 7 0
16 8 8 6 0 3 4 1 2 7 5
15 9 6 6 2 3 4 1 0 7 5
16 8 8 6 0 3 4 1 2 7 5
16 10 6 6 2 3 4 0 1 7 5
16 12 4 6 2 3 4 5 1 7 0
17 3 14 6 1 7 3 0 4 2 5
17 3 14 6 1 7 3 4 2 0 5
16 4 12 6 1 0 3 4 2 7 5
15 5 10 6 1 3 0 4 2 7 5
16 6 10 6 1 3 5 4 2 7 0
16 8 8 6 1 3 4 0 2 7 5
16 10 6 6 1 3 4 5 2 7 0
17 3 14 6 7 2 3 4 1 0 5
17 5 12 0 7 3 6 4 1 2 5
17 5 12 1 6 7 3 4 2 5 0
17 9 8 1 6 3 5 0 2 7 4
17 5 12 4 6 0 7 5 1 2 3
17 5 12 4 6 7 3 5 0 1 2
16 6 10 4 0 7 3 5 6 1 2
17 9 8 5 6 3 4 0 1 7 2
17 11 6 2 6 3 4 5 1 7 0
17 13 4 0 1 3 4 5 6 7 2
17 13 4 1 3 0 4 5 6 7 2
17 7 10 1 7 2 3 4 6 5 0
17 5 12 4 7 2 3 1 6 0 5
17 9 8 1 7 3 4 6 0 2 5
17 11 6 1 0 3 4 7 6 2 5
17 9 8 1 7 3 4 6 0 2 5
17 11 6 1 0 3 4 7 6 2 5
17 11 6 1 7 3 0 5 6 2 4
17 11 6 1 7 3 0 5 6 2 4
17 5 12 6 7 3 5 4 1 0 2
17 7 10 6 7 3 4 1 0 2 5
17 7 10 0 7 3 4 6 1 2 5
17 7 10 6 7 3 4 1 0 2 5
17 7 10 1 6 7 0 5 4 2 3
17 7 10 1 6 7 3 5 4 0 2
16 8 8 1 6 0 3 5 4 7 2
15 9 6 1 6 3 0 5 4 7 2
16 10 6 1 6 3 2 5 4 7 0
17 7 10 6 0 7 4 5 1 2 3
17 9 8 1 6 7 4 5 0 2 3
16 10 6 1 0 7 4 5 6 2 3
17 7 10 4 1 6 3 5 0 7 2
17 7 10 0 4 6 3 5 1 7 2
17 9 8 1 4 0 7 5 6 2 3
17 7 10 4 7 3 5 1 6 0 2
17 9 8 6 7 3 4 5 1 0 2
17 11 6 1 2 6 0 5 4 7 3
17 7 10 3 6 7 4 5 1 2 0
17 7 10 3 6 7 4 5 1 2 0
17 5 12 4 0 6 3 1 2 7 5
16 6 10 4 2 6 3 1 0 7 5
17 11 6 1 0 3 4 6 2 7 5
16 12 4 1 2 3 4 6 0 7 5
15 13 2 1 2 3 4 0 6 7 5
