0 0 0 0 6 7 3 4 1 2 5
0 3 12 1 6 7 3 4 0 2 5
0 4 10 1 0 7 3 4 6 2 5
0 5 10 1 7 0 3 4 6 2 5
0 6 8 1 7 3 0 4 6 2 5
0 9 6 1 7 3 4 0 6 2 5
0 11 4 1 7 3 4 5 6 2 0
0 12 4 1 7 3 4 5 6 0 2
0 12 6 1 0 3 4 7 6 2 5
0 12 6 1 7 3 0 5 6 2 4
0 14 6 1 7 0 4 5 6 2 3
0 14 6 0 7 3 4 5 6 2 1
0 13 6 1 7 0 4 5 6 3 2
0 13 6 1 7 3 4 5 0 6 2
0 15 6 1 7 3 2 5 6 0 4
0 15 6 1 7 2 4 5 6 0 3
0 15 6 1 0 7 4 5 6 2 3
0 15 6 7 0 3 4 5 6 2 1
0 14 6 1 0 7 4 5 6 3 2
0 14 6 1 0 3 4 5 7 6 2
0 16 6 1 7 3 2 5 6 4 0
0 16 6 1 7 2 4 5 6 3 0
0 17 6 1 7 3 0 5 6 4 2
0 7 8 1 7 3 5 4 6 2 0
0 9 8 1 7 3 2 4 6 0 5
0 10 8 0 7 3 4 1 6 2 5
0 10 8 1 7 3 4 6 0 2 5
0 13 8 1 6 3 4 7 0 2 5
0 13 8 0 1 3 4 7 6 2 5
0 13 8 1 3 0 4 7 6 2 5
0 13 8 1 7 0 3 5 6 2 4
0 14 8 0 7 3 1 5 6 2 4
0 15 8 1 7 3 5 0 6 2 4
0 15 8 1 7 4 0 5 6 2 3
0 15 8 5 7 3 4 0 6 2 1
0 16 8 4 7 3 0 5 6 2 1
0 17 8 6 7 3 4 5 0 2 1
0 14 8 1 7 4 0 5 6 3 2
0 14 8 1 7 3 4 0 5 6 2
0 16 8 1 7 0 2 5 6 3 4
0 16 8 1 7 3 2 5 0 6 4
0 16 8 1 7 2 4 5 0 6 3
0 16 8 1 6 7 4 5 0 2 3
0 16 8 0 1 7 4 5 6 2 3
0 16 8 7 6 3 4 5 0 2 1
0 16 8 7 3 0 4 5 6 2 1
0 15 8 1 6 7 4 5 0 3 2
0 15 8 0 1 7 4 5 6 3 2
0 15 8 0 1 3 4 5 7 6 2
0 15 8 1 3 0 4 5 7 6 2
0 18 8 1 7 3 2 0 6 4 5
0 19 8 1 7 0 2 5 6 4 3
0 19 8 0 7 3 2 5 6 4 1
0 17 8 1 7 2 0 5 6 3 4
0 18 8 1 7 2 4 0 6 3 5
0 19 8 0 7 2 4 5 6 3 1
0 18 8 1 7 0 3 5 6 4 2
0 19 8 0 7 3 1 5 6 4 2
0 20 8 1 7 3 5 0 6 4 2
0 8 8 1 7 3 5 4 6 0 2
0 9 8 1 7 3 5 0 6 2 4
0 10 8 1 7 3 2 4 6 5 0
0 11 8 7 0 3 4 1 6 2 5
0 13 8 5 7 3 4 1 6 2 0
0 11 8 1 0 3 4 6 7 2 5
0 11 8 1 7 3 4 6 2 0 5
0 14 8 1 6 3 4 0 7 2 5
0 16 6 1 6 3 4 5 7 2 0
0 17 6 1 6 3 4 5 7 0 2
0 18 4 1 6 3 4 5 0 7 2
0 19 2 1 0 3 4 5 6 7 2
0 20 4 0 1 3 4 5 6 7 2
0 20 4 1 3 0 4 5 6 7 2
0 23 4 2 1 3 4 5 6 7 0
0 19 6 1 6 3 4 0 5 7 2
0 21 6 5 1 3 4 0 6 7 2
0 22 6 4 1 3 0 5 6 7 2
0 23 6 6 1 3 4 5 0 7 2
0 21 6 1 3 7 4 5 6 0 2
0 21 6 1 3 4 0 5 6 7 2
0 24 6 2 1 3 0 5 6 7 4
0 24 6 2 1 3 4 5 6 0 7
0 25 6 2 1 3 4 0 6 7 5
0 26 6 2 1 0 4 5 6 7 3
0 21 6 1 6 3 4 2 5 7 0
0 22 6 1 0 3 4 6 5 7 2
0 23 6 5 1 3 4 2 6 7 0
0 24 6 5 0 3 4 1 6 7 2
0 23 6 4 1 3 2 5 6 7 0
0 24 6 6 0 3 4 5 1 7 2
0 22 6 1 3 7 4 5 6 2 0
0 22 6 1 3 4 2 5 6 7 0
0 26 6 0 1 3 2 5 6 7 4
0 27 4 1 0 3 2 5 6 7 4
0 26 6 0 1 3 4 2 6 7 5
0 27 4 1 0 3 4 2 6 7 5
0 28 6 2 0 3 4 1 6 7 5
0 29 4 0 2 3 4 1 6 7 5
0 30 2 1 2 3 4 0 6 7 5
