0 0 0 1 4 2 3 6 7 0 5
9 1 8 1 4 2 3 6 7 5 0
11 1 10 1 4 2 3 6 0 7 5
12 2 10 1 4 2 0 6 7 5 3
12 2 10 1 4 2 3 0 6 7 5
8 4 4 1 4 2 3 5 6 7 0
11 5 6 1 4 2 0 5 6 7 3
11 5 6 1 4 2 3 5 6 0 7
13 1 12 1 4 0 3 6 7 2 5
12 2 10 1 4 3 0 6 7 2 5
13 3 10 1 4 3 5 6 7 2 0
14 2 12 1 0 2 3 6 4 7 5
13 3 10 1 2 0 3 6 4 7 5
12 4 8 1 2 3 0 6 4 7 5
13 5 8 1 2 3 5 6 4 7 0
14 6 8 1 4 0 2 5 6 7 3
14 6 8 1 4 0 3 5 6 2 7
13 7 6 1 4 3 0 5 6 2 7
14 6 8 1 4 2 3 5 0 6 7
14 2 12 1 0 4 3 6 7 2 5
14 4 10 1 2 7 3 6 4 0 5
13 5 8 1 2 7 3 6 4 5 0
14 6 8 1 2 3 5 6 4 0 7
14 8 6 1 4 3 7 5 6 2 0
15 3 12 1 4 2 3 0 7 5 6
15 3 12 1 4 0 2 6 7 5 3
15 3 12 0 4 2 3 1 6 7 5
12 6 6 5 4 2 3 1 6 7 0
15 5 10 1 4 2 0 3 6 7 5
15 7 8 1 4 0 3 5 6 7 2
14 8 6 1 4 3 0 5 6 7 2
13 9 4 1 4 3 2 5 6 7 0
15 5 10 1 4 3 2 6 7 0 5
14 6 8 1 4 3 2 6 7 5 0
15 7 8 1 2 3 7 6 4 0 5
14 8 6 1 2 3 7 6 4 5 0
15 7 8 1 4 7 2 5 6 0 3
14 8 6 1 4 7 2 5 6 3 0
15 7 8 1 0 4 2 5 6 7 3
15 7 8 1 0 4 3 5 6 2 7
15 3 12 1 7 4 3 6 0 2 5
14 4 10 1 7 4 3 6 2 0 5
13 5 8 1 7 4 3 6 2 5 0
15 5 10 1 2 7 3 6 0 4 5
15 5 10 3 4 2 0 1 6 7 5
15 7 8 5 4 2 0 1 6 7 3
15 7 8 5 4 2 3 1 6 0 7
16 4 12 1 4 0 3 6 7 5 2
15 5 10 1 4 3 0 6 7 5 2
15 5 10 1 4 3 0 6 7 5 2
16 8 8 1 4 2 7 5 6 0 3
15 9 6 1 4 2 7 5 6 3 0
16 4 12 1 4 3 5 6 7 0 2
16 10 6 1 4 3 2 5 6 0 7
16 6 10 1 2 7 0 6 4 5 3
16 4 12 1 4 2 3 7 0 5 6
15 5 10 1 4 2 3 7 5 0 6
14 6 8 1 4 2 3 7 5 6 0
16 4 12 1 4 5 2 6 7 0 3
15 5 10 1 4 5 2 6 7 3 0
16 4 12 1 0 4 2 6 7 5 3
16 4 12 4 0 2 3 1 6 7 5
15 5 10 4 2 0 3 1 6 7 5
14 6 8 4 2 3 0 1 6 7 5
15 7 8 4 2 3 5 1 6 7 0
16 6 10 1 4 2 5 3 6 7 0
16 8 8 1 4 7 3 5 6 0 2
15 9 6 1 4 7 3 5 6 2 0
16 8 8 1 0 4 3 5 6 7 2
16 10 6 1 4 3 2 5 6 0 7
16 6 10 1 4 3 2 6 0 7 5
16 8 8 1 6 4 2 5 0 7 3
16 8 8 1 6 4 3 5 0 2 7
15 9 6 1 6 4 3 5 2 0 7
14 10 4 1 6 4 3 5 2 7 0
16 4 12 1 7 4 3 0 6 2 5
12 6 6 1 7 4 3 5 6 2 0
15 7 8 1 7 4 0 5 6 2 3
15 7 8 1 7 4 3 5 6 0 2
16 6 10 1 7 4 0 6 2 5 3
16 6 10 1 2 7 3 0 6 4 5
12 8 4 1 2 7 3 5 6 4 0
13 9 4 1 2 7 3 5 6 0 4
14 10 4 1 2 0 3 5 6 7 4
13 11 2 1 2 3 0 5 6 7 4
