0 0 0 1 4 2 3 6 7 0 5
0 1 8 1 4 2 3 6 7 5 0
0 1 10 1 4 2 3 6 0 7 5
0 2 10 1 4 2 0 6 7 5 3
0 2 10 1 4 2 3 0 6 7 5
0 4 4 1 4 2 3 5 6 7 0
0 5 6 1 4 2 0 5 6 7 3
0 5 6 1 4 2 3 5 6 0 7
0 7 8 1 4 0 3 5 6 7 2
0 8 6 1 4 3 0 5 6 7 2
0 9 4 1 4 3 2 5 6 7 0
0 10 6 1 4 3 2 5 6 0 7
0 6 8 1 4 0 2 5 6 7 3
0 8 8 1 4 2 7 5 6 0 3
0 9 6 1 4 2 7 5 6 3 0
0 10 6 1 4 2 0 5 6 3 7
0 6 8 1 4 0 3 5 6 2 7
0 7 6 1 4 3 0 5 6 2 7
0 8 6 1 4 3 7 5 6 2 0
0 6 8 1 4 2 3 5 0 6 7
0 8 8 1 4 7 3 5 6 0 2
0 9 6 1 4 7 3 5 6 2 0
0 8 8 1 0 4 3 5 6 7 2
0 11 8 1 4 3 7 5 6 0 2
0 12 8 1 4 0 2 5 6 7 3
0 11 8 1 4 0 2 5 6 3 7
0 11 8 1 4 3 2 5 0 6 7
0 7 8 1 4 7 2 5 6 0 3
0 8 6 1 4 7 2 5 6 3 0
0 7 8 1 0 4 2 5 6 7 3
0 11 8 1 4 0 2 5 6 3 7
0 7 8 1 0 4 3 5 6 2 7
0 9 8 1 4 3 7 5 6 0 2
0 10 8 1 4 7 0 5 6 2 3
0 9 8 1 6 4 3 5 0 7 2
0 13 8 1 4 7 2 5 6 0 3
0 13 8 1 0 4 2 5 6 7 3
0 12 8 1 0 4 2 5 6 3 7
0 9 8 1 4 7 0 5 6 3 2
0 8 8 1 6 4 2 5 0 7 3
0 12 8 1 0 4 2 5 6 3 7
0 8 8 1 6 4 3 5 0 2 7
0 9 6 1 6 4 3 5 2 0 7
0 10 4 1 6 4 3 5 2 7 0
0 11 6 1 6 4 0 5 2 7 3
0 13 6 1 6 0 3 5 2 7 4
0 14 4 1 6 3 0 5 2 7 4
0 15 2 1 6 3 4 5 2 7 0
0 16 4 1 6 3 4 5 2 0 7
0 12 6 1 6 0 4 5 2 7 3
0 14 6 1 6 7 3 5 2 0 4
0 17 6 1 6 3 7 5 2 0 4
0 18 6 1 6 0 4 5 2 7 3
0 17 6 1 6 0 4 5 2 3 7
0 17 6 1 6 3 4 5 0 2 7
0 13 6 1 6 7 4 5 2 0 3
0 14 4 1 6 7 4 5 2 3 0
0 15 6 1 6 7 3 5 2 4 0
0 18 6 1 6 3 7 5 2 4 0
0 19 6 1 6 7 4 5 2 0 3
0 18 6 1 6 4 0 5 2 3 7
0 18 6 1 0 3 4 5 6 2 7
0 15 6 1 6 7 0 5 2 3 4
0 19 6 1 6 3 0 5 2 4 7
0 19 6 1 6 4 7 5 2 3 0
0 19 6 1 3 0 4 5 6 2 7
0 20 4 1 3 2 4 5 6 0 7
0 21 2 1 3 2 4 5 6 7 0
0 22 4 1 3 2 0 5 6 7 4
0 20 6 1 3 4 0 5 6 2 7
0 21 6 1 3 2 4 5 0 6 7
0 24 6 1 3 0 4 5 6 7 2
0 23 6 1 3 0 2 5 6 7 4
0 25 6 1 3 2 7 5 6 0 4
0 21 6 1 3 4 7 5 6 2 0
0 23 6 1 3 4 2 5 6 0 7
0 24 4 1 3 4 2 5 6 7 0
0 25 6 1 3 7 4 5 6 0 2
0 26 4 1 3 7 4 5 6 2 0
0 25 6 1 0 3 4 5 6 7 2
0 25 6 1 3 4 0 5 6 7 2
0 24 6 1 3 7 2 5 6 0 4
0 24 6 1 0 3 2 5 6 7 4
0 26 6 1 3 2 7 5 6 4 0
0 25 6 1 3 4 0 5 6 7 2
0 27 6 1 3 7 0 5 6 2 4
0 26 6 1 6 3 4 5 0 7 2
0 25 6 1 3 7 2 5 6 4 0
0 25 6 1 6 3 2 5 0 7 4
0 27 6 1 3 2 0 5 6 4 7
0 27 6 1 6 3 4 5 7 0 2
0 28 4 1 6 3 4 5 7 2 0
0 26 6 1 6 3 2 5 7 0 4
0 29 6 1 6 3 0 5 7 2 4
0 27 6 1 6 3 2 5 7 4 0
0 10 8 1 6 4 3 5 7 0 2
0 11 6 1 6 4 3 5 7 2 0
0 14 8 1 6 4 2 5 0 7 3
0 13 8 1 6 4 2 5 0 3 7
0 9 8 1 6 4 2 5 7 0 3
0 10 6 1 6 4 2 5 7 3 0
0 13 8 1 6 4 2 5 0 3 7
0 10 8 1 6 0 3 5 2 4 7
0 14 8 1 6 4 7 5 2 0 3
0 14 8 1 0 6 3 5 2 7 4
0 15 6 1 2 6 3 5 0 7 4
0 16 6 1 2 6 3 5 7 0 4
0 17 6 1 2 0 3 5 7 6 4
0 18 4 1 2 3 0 5 7 6 4
0 19 2 1 2 3 4 5 7 6 0
0 20 4 1 2 3 4 5 7 0 6
0 21 4 1 2 3 4 5 0 7 6
0 17 6 1 2 6 3 5 7 4 0
0 21 6 1 2 3 6 5 7 0 4
0 22 6 1 2 0 4 5 7 6 3
0 21 6 1 2 0 4 5 7 3 6
0 22 6 1 0 3 4 5 2 7 6
0 22 6 1 2 3 4 0 5 7 6
0 24 2 1 2 3 4 6 5 7 0
0 25 4 1 2 3 0 6 5 7 4
0 25 4 1 2 3 4 6 5 0 7
0 22 6 1 2 3 6 5 0 7 4
0 22 6 1 2 3 6 5 7 4 0
0 23 6 1 2 6 4 5 7 0 3
0 24 4 1 2 6 4 5 7 3 0
0 23 6 1 2 4 0 5 7 6 3
0 24 4 1 2 4 3 5 7 6 0
0 22 6 1 2 4 0 5 7 3 6
0 23 6 1 3 0 4 5 2 7 6
0 27 6 1 2 0 4 6 5 7 3
0 26 6 1 2 0 3 6 5 7 4
0 28 6 1 2 3 7 6 5 0 4
0 26 6 1 2 0 4 6 5 3 7
0 26 6 1 2 3 4 6 0 5 7
0 23 6 1 2 3 0 5 7 4 6
0 24 6 1 2 6 4 5 0 7 3
0 25 6 1 2 6 0 5 7 3 4
0 25 6 1 2 4 3 5 7 0 6
0 23 6 1 2 4 6 5 7 3 0
0 25 6 1 2 4 3 5 7 0 6
0 24 6 1 3 7 4 5 2 0 6
0 25 4 1 3 7 4 5 2 6 0
0 24 6 1 3 4 0 5 2 7 6
0 28 6 1 2 7 4 6 5 0 3
0 29 4 1 2 7 4 6 5 3 0
0 28 6 1 2 4 0 6 5 7 3
0 29 4 1 2 4 3 6 5 7 0
0 27 6 1 2 7 3 6 5 0 4
0 29 6 1 2 3 7 6 5 4 0
0 27 6 1 2 4 0 6 5 3 7
0 27 6 1 2 3 4 0 6 5 7
0 29 4 1 2 3 4 7 6 5 0
0 26 6 1 2 4 3 5 0 7 6
0 26 6 1 2 4 3 5 0 7 6
0 26 6 1 3 7 0 5 2 6 4
0 28 6 1 3 0 4 5 2 6 7
0 25 6 1 3 4 6 5 2 7 0
0 30 6 1 2 7 0 6 5 3 4
0 30 6 1 2 4 3 6 5 0 7
0 28 6 1 2 7 3 6 5 4 0
0 30 6 1 2 3 0 6 5 4 7
0 28 6 1 2 4 7 6 5 3 0
0 30 6 1 2 4 3 6 5 0 7
0 30 6 1 2 3 0 7 6 5 4
0 30 6 1 2 3 4 7 6 0 5
0 29 6 1 3 6 4 5 2 0 7
0 30 4 1 3 6 4 5 2 7 0
0 29 6 1 0 3 4 5 2 6 7
0 30 4 1 2 3 4 5 0 6 7
0 31 2 1 2 3 4 5 6 0 7
