0 0 0 5 0 7 6 1 4 2 3
0 1 14 5 4 7 6 1 0 2 3
0 2 12 5 4 7 6 1 2 0 3
0 3 10 5 4 7 6 1 2 3 0
0 4 10 5 4 7 0 1 2 3 6
0 5 10 5 4 0 7 1 2 3 6
0 6 8 5 4 3 7 1 2 0 6
0 7 6 5 4 3 7 1 2 6 0
0 8 8 5 4 3 0 1 2 6 7
0 7 10 5 4 7 3 1 2 0 6
0 8 8 5 4 7 3 1 2 6 0
0 7 10 5 4 3 7 1 0 2 6
0 10 10 5 4 0 7 1 2 6 3
0 10 10 0 4 3 7 1 2 6 5
0 11 8 1 4 3 7 0 2 6 5
0 12 6 1 4 3 7 2 0 6 5
0 13 6 1 4 3 7 5 2 6 0
0 13 6 1 0 3 7 2 4 6 5
0 14 4 1 3 0 7 2 4 6 5
0 15 4 1 3 6 7 2 4 0 5
0 16 2 1 3 6 7 2 4 5 0
0 15 4 1 3 7 0 2 4 6 5
0 16 2 1 3 7 5 2 4 6 0
0 17 4 1 3 6 0 2 4 5 7
0 19 4 1 3 0 7 2 4 5 6
0 20 2 1 3 5 7 2 4 0 6
