0 0 0 5 0 7 6 1 4 2 3
0 1 12 0 5 7 6 1 4 2 3
0 1 12 5 7 0 6 1 4 2 3
0 2 12 1 5 7 6 0 4 2 3
0 5 10 1 0 7 6 5 4 2 3
0 6 10 1 4 7 6 5 0 2 3
0 6 10 1 7 0 6 5 4 2 3
0 7 10 1 4 7 6 5 2 0 3
0 8 8 1 4 0 6 5 2 7 3
0 9 8 1 0 4 6 5 2 7 3
0 10 6 1 2 4 6 5 0 7 3
0 9 8 1 4 6 0 5 2 7 3
0 11 8 1 2 4 6 0 5 7 3
0 11 8 1 2 4 6 5 7 0 3
0 10 8 1 4 6 3 5 2 7 0
0 13 8 1 2 4 6 3 5 7 0
0 14 8 1 2 4 0 6 5 7 3
0 15 6 1 2 0 4 6 5 7 3
0 12 8 1 2 0 6 5 7 4 3
0 12 8 1 2 4 6 5 7 3 0
0 13 8 1 4 0 3 5 2 7 6
0 14 6 1 4 3 0 5 2 7 6
0 15 6 1 4 3 6 5 2 7 0
0 14 8 1 2 4 0 3 5 7 6
0 15 6 1 2 0 4 3 5 7 6
0 16 8 1 2 0 6 3 5 7 4
0 15 8 1 2 4 3 6 5 7 0
0 16 8 1 2 7 4 6 5 0 3
0 16 8 1 0 2 4 6 5 7 3
0 13 8 1 2 6 0 5 7 4 3
0 16 6 1 2 6 4 5 7 0 3
0 17 4 1 2 6 4 5 0 7 3
0 17 6 1 2 0 4 5 7 6 3
0 17 6 1 2 6 4 5 7 3 0
0 18 6 1 0 6 4 5 2 7 3
0 18 6 1 2 6 4 0 5 7 3
0 20 6 1 2 0 4 5 7 3 6
0 21 4 1 2 3 4 5 7 0 6
0 22 2 1 2 3 4 5 0 7 6
0 22 4 1 2 3 4 5 7 6 0
0 23 4 1 0 3 4 5 2 7 6
0 23 4 1 2 3 4 0 5 7 6
0 25 4 1 2 3 4 6 5 7 0
0 19 6 1 6 0 4 5 2 7 3
0 20 6 1 2 6 4 3 5 7 0
0 23 6 1 2 3 0 5 7 6 4
0 24 6 1 2 3 4 0 7 6 5
0 25 6 0 2 3 4 5 7 6 1
0 24 6 0 1 3 4 5 2 7 6
0 24 6 1 3 0 4 5 2 7 6
0 24 6 0 2 3 4 1 5 7 6
0 26 6 1 0 3 4 2 5 7 6
0 26 6 1 2 3 0 4 5 7 6
0 26 6 1 2 3 0 6 5 7 4
0 26 6 1 2 3 4 6 5 0 7
0 28 6 0 2 3 4 6 5 7 1
0 26 6 1 2 3 6 5 7 0 4
0 27 4 1 2 3 6 5 0 7 4
0 25 6 1 2 3 4 7 0 6 5
0 26 4 1 2 3 4 7 6 0 5
0 27 4 1 2 3 4 7 6 5 0
0 29 4 1 2 3 4 0 6 5 7
0 28 6 7 2 3 4 5 0 6 1
0 29 4 7 2 3 4 5 6 0 1
0 30 4 7 2 3 4 5 6 1 0
0 33 4 0 2 3 4 5 6 1 7
0 27 6 2 1 3 4 5 0 7 6
0 27 6 6 1 3 4 5 2 7 0
0 27 6 5 2 3 4 1 0 7 6
0 27 6 6 2 3 4 1 5 7 0
0 27 6 1 5 3 4 2 0 7 6
0 27 6 1 2 3 6 4 5 7 0
0 29 6 1 2 3 6 0 5 7 4
0 27 6 1 2 3 4 6 0 5 7
0 29 6 6 2 3 4 0 5 7 1
0 30 4 6 2 3 4 5 0 7 1
0 31 6 5 2 3 4 6 0 7 1
0 32 4 5 2 3 4 0 6 7 1
0 33 2 0 2 3 4 5 6 7 1
