0 0 0 3 4 5 2 6 1 7 0
13 1 12 3 4 5 0 6 1 7 2
13 1 12 3 4 5 2 6 1 0 7
14 4 10 3 4 5 7 6 1 0 2
13 5 8 3 4 5 7 6 1 2 0
16 2 14 3 4 5 2 0 1 7 6
13 5 8 3 4 5 0 2 1 7 6
14 6 8 3 4 5 6 2 1 7 0
14 8 6 3 4 5 7 2 1 0 6
13 9 4 3 4 5 7 2 1 6 0
15 3 12 3 4 5 2 1 0 7 6
15 7 8 3 4 5 6 2 1 0 7
16 2 14 3 4 0 5 6 1 7 2
15 3 12 3 4 7 5 6 1 0 2
14 4 10 3 4 7 5 6 1 2 0
16 2 14 3 4 0 2 6 1 5 7
15 3 12 3 4 2 0 6 1 5 7
14 4 10 3 4 2 7 6 1 5 0
16 2 14 3 4 5 2 6 0 1 7
16 6 10 3 4 5 0 6 1 2 7
16 6 10 3 4 0 5 2 1 7 6
15 7 8 3 4 7 5 2 1 0 6
14 8 6 3 4 7 5 2 1 6 0
16 10 6 3 4 5 0 2 1 6 7
16 4 12 3 0 5 2 1 4 7 6
16 4 12 3 4 5 2 1 7 0 6
15 5 10 3 4 5 2 1 7 6 0
16 6 10 3 4 5 0 1 7 6 2
17 3 14 3 4 0 2 6 1 7 5
16 4 12 3 4 2 0 6 1 7 5
17 5 12 3 4 0 7 6 1 5 2
17 5 12 3 4 5 7 6 0 1 2
17 7 10 3 4 5 7 0 1 2 6
16 8 8 3 4 5 7 1 0 2 6
15 9 6 3 4 5 7 1 2 0 6
14 10 4 3 4 5 7 1 2 6 0
17 9 8 3 4 0 7 2 1 5 6
17 9 8 3 4 5 7 2 0 1 6
17 5 12 3 4 7 0 6 1 2 5
17 3 14 3 0 4 2 6 1 5 7
16 4 12 3 1 4 2 6 0 5 7
15 5 10 3 1 4 2 6 5 0 7
14 6 8 3 1 4 2 6 5 7 0
17 5 12 3 4 2 7 6 1 0 5
17 3 14 3 0 5 2 6 4 1 7
17 3 14 3 4 5 2 0 6 1 7
14 6 8 3 4 5 0 2 6 1 7
13 7 6 3 4 5 7 2 6 1 0
16 8 8 3 4 5 7 2 6 0 1
17 9 8 3 4 7 0 2 1 6 5
17 5 12 0 3 5 2 1 4 7 6
13 7 6 2 3 5 0 1 4 7 6
14 8 6 2 3 5 6 1 4 7 0
14 10 4 2 3 5 7 1 4 0 6
13 11 2 2 3 5 7 1 4 6 0
15 9 6 2 3 5 6 1 4 0 7
16 6 10 1 3 5 2 0 4 7 6
13 9 4 1 3 5 0 2 4 7 6
14 10 4 1 3 5 6 2 4 7 0
14 12 2 1 3 5 7 2 4 0 6
