0 0 0 3 4 5 2 6 1 7 0
13 1 12 3 4 5 0 6 1 7 2
13 1 12 3 4 5 2 6 1 0 7
14 2 12 3 4 5 2 0 1 7 6
14 2 12 3 4 0 5 6 1 7 2
14 2 12 3 4 5 2 6 0 1 7
15 3 12 3 4 0 2 6 1 7 5
15 3 12 0 4 5 2 6 1 7 3
15 3 12 0 4 5 3 6 1 7 2
15 3 12 0 4 5 2 3 1 7 6
15 3 12 3 4 5 2 1 0 7 6
15 3 12 3 0 4 5 6 1 7 2
14 4 10 0 3 4 5 6 1 7 2
15 3 12 3 0 5 2 6 4 1 7
15 3 12 3 4 5 2 0 6 1 7
15 5 10 6 3 4 5 0 1 7 2
16 4 12 3 4 5 6 0 1 7 2
16 2 14 3 4 0 2 6 1 5 7
16 4 12 3 0 4 2 6 1 7 5
16 4 12 3 4 2 0 6 1 7 5
16 4 12 6 4 5 2 0 1 7 3
16 4 12 4 0 5 2 6 1 7 3
16 6 10 1 4 5 2 6 0 7 3
15 7 8 1 4 5 2 0 6 7 3
16 4 12 6 4 5 3 0 1 7 2
16 4 12 4 0 5 3 6 1 7 2
16 6 10 1 4 5 3 6 0 7 2
15 7 8 1 4 5 3 0 6 7 2
16 4 12 4 0 5 2 3 1 7 6
16 6 10 1 4 5 2 3 0 7 6
16 4 12 3 0 5 2 1 4 7 6
16 4 12 3 1 4 5 6 0 7 2
15 5 10 3 1 4 5 0 6 7 2
16 4 12 0 3 5 2 6 4 1 7
16 4 12 3 5 0 2 6 4 1 7
16 4 12 0 4 5 2 3 6 1 7
16 6 10 6 3 4 5 1 0 7 2
16 6 10 0 1 4 5 3 6 7 2
15 7 8 1 0 4 5 3 6 7 2
16 8 8 3 1 4 0 5 6 7 2
15 9 6 3 1 0 4 5 6 7 2
16 8 8 1 4 0 5 3 6 7 2
16 10 6 3 0 1 4 5 6 7 2
17 5 12 3 0 5 2 4 1 7 6
17 5 12 3 4 5 0 2 1 7 6
17 3 14 3 4 7 5 6 1 0 2
17 5 12 2 4 5 0 6 1 7 3
17 5 12 2 4 5 0 3 1 7 6
17 7 10 1 3 4 5 6 0 7 2
16 8 8 1 3 4 5 0 6 7 2
17 7 10 2 3 4 5 6 1 7 0
17 5 12 3 4 5 2 7 6 1 0
17 7 10 6 3 4 5 2 1 7 0
17 5 12 0 4 5 6 3 1 7 2
17 5 12 3 4 5 6 1 0 7 2
17 3 14 3 0 4 2 6 1 5 7
16 4 12 0 3 4 2 6 1 5 7
17 3 14 3 4 2 0 6 1 5 7
17 5 12 3 1 4 2 6 0 7 5
16 6 10 3 1 4 2 0 6 7 5
16 8 8 3 1 4 2 5 6 7 0
16 8 8 3 1 4 2 5 6 7 0
17 5 12 0 3 4 2 6 1 7 5
17 5 12 3 4 2 5 6 1 7 0
17 5 12 6 4 5 2 1 0 7 3
17 5 12 4 1 5 2 6 0 7 3
16 6 10 4 1 5 2 0 6 7 3
17 5 12 4 5 0 2 6 1 7 3
17 7 10 1 0 5 2 6 4 7 3
17 9 8 1 4 5 2 3 6 7 0
17 5 12 6 4 5 3 1 0 7 2
17 5 12 4 1 5 3 6 0 7 2
16 6 10 4 1 5 3 0 6 7 2
17 5 12 4 5 0 3 6 1 7 2
16 6 10 4 5 3 0 6 1 7 2
16 8 8 0 5 3 4 6 1 7 2
17 7 10 1 0 5 3 6 4 7 2
17 9 8 1 4 5 3 2 6 7 0
17 5 12 4 1 5 2 3 0 7 6
17 5 12 4 5 0 2 3 1 7 6
17 7 10 1 0 5 2 3 4 7 6
17 7 10 1 4 5 2 0 3 7 6
17 5 12 0 3 5 2 1 4 7 6
16 6 10 1 3 5 2 0 4 7 6
17 5 12 3 5 0 2 1 4 7 6
17 7 10 3 1 4 5 2 6 7 0
17 5 12 6 3 5 2 0 4 1 7
17 5 12 3 5 1 2 6 4 0 7
17 5 12 3 5 2 0 6 4 1 7
17 5 12 4 0 5 2 3 6 1 7
17 7 10 6 3 4 5 1 7 0 2
17 9 8 1 4 5 0 3 6 7 2
17 9 8 1 4 5 0 3 6 7 2
17 11 6 0 3 1 4 5 6 7 2
17 11 6 1 3 4 0 5 6 7 2
16 12 4 1 3 0 4 5 6 7 2
15 13 2 1 0 3 4 5 6 7 2
17 5 12 6 3 4 2 0 1 5 7
17 7 10 0 1 4 2 3 6 7 5
16 8 8 1 0 4 2 3 6 7 5
17 7 10 0 1 5 2 4 6 7 3
16 8 8 1 0 5 2 4 6 7 3
16 8 8 1 0 5 2 4 6 7 3
17 7 10 0 1 5 3 4 6 7 2
16 8 8 1 0 5 3 4 6 7 2
16 8 8 1 0 5 3 4 6 7 2
17 7 10 4 5 3 2 6 1 7 0
17 9 8 6 5 3 4 0 1 7 2
17 9 8 5 0 3 4 6 1 7 2
17 11 6 1 5 3 4 6 0 7 2
16 12 4 1 5 3 4 0 6 7 2
17 7 10 1 3 5 2 4 0 7 6
17 9 8 1 4 0 2 3 6 7 5
17 9 8 1 4 0 2 3 6 7 5
17 9 8 1 5 0 2 4 6 7 3
17 9 8 1 5 0 2 4 6 7 3
17 9 8 1 5 0 3 4 6 7 2
16 10 6 1 5 3 0 4 6 7 2
16 10 6 1 5 3 0 4 6 7 2
17 9 8 1 5 0 3 4 6 7 2
17 11 6 1 5 3 2 4 6 7 0
17 11 6 1 5 3 2 4 6 7 0
18 4 14 3 4 5 7 6 1 0 2
18 4 14 3 4 7 2 6 1 0 5
18 6 12 2 4 5 3 6 1 7 0
18 6 12 6 4 5 2 3 1 7 0
18 4 14 3 4 5 2 1 7 0 6
18 6 12 5 3 4 0 6 1 7 2
17 7 10 5 3 0 4 6 1 7 2
16 8 8 5 0 3 4 6 1 7 2
17 7 10 5 3 0 4 6 1 7 2
17 9 8 5 1 3 4 6 0 7 2
16 10 6 5 1 3 4 0 6 7 2
15 11 4 0 1 3 4 5 6 7 2
14 12 2 1 0 3 4 5 6 7 2
15 11 4 0 1 3 4 5 6 7 2
17 9 8 5 1 3 4 6 0 7 2
17 13 4 1 6 3 4 5 0 7 2
17 13 4 1 6 3 4 5 0 7 2
18 6 12 3 0 5 2 4 6 1 7
18 6 12 3 4 5 0 2 6 1 7
18 8 10 6 3 4 0 5 1 7 2
17 9 8 6 3 0 4 5 1 7 2
16 10 6 6 0 3 4 5 1 7 2
16 10 6 6 0 3 4 5 1 7 2
17 11 6 6 1 3 4 5 0 7 2
17 11 6 6 1 3 4 5 0 7 2
17 11 6 0 6 3 4 5 1 7 2
17 11 6 6 1 3 4 5 0 7 2
17 11 6 0 6 3 4 5 1 7 2
18 6 12 3 4 5 6 2 1 7 0
18 6 12 0 4 2 3 6 1 7 5
18 6 12 6 4 5 2 3 1 7 0
18 8 10 0 4 5 2 1 6 7 3
18 10 8 1 4 5 0 2 6 7 3
18 6 12 6 4 5 3 2 1 7 0
18 8 10 0 4 5 3 1 6 7 2
18 8 10 3 0 4 5 1 6 7 2
18 6 12 2 3 5 0 6 4 1 7
18 6 12 2 4 5 0 3 6 1 7
18 8 10 5 1 4 0 3 6 7 2
17 9 8 5 1 0 4 3 6 7 2
18 8 10 1 6 4 5 3 0 7 2
18 10 8 0 1 4 3 5 6 7 2
17 11 6 1 0 4 3 5 6 7 2
18 10 8 3 1 7 4 5 6 0 2
18 6 12 3 1 5 2 4 0 7 6
18 6 12 0 3 5 2 4 1 7 6
18 6 12 3 5 0 2 4 1 7 6
18 6 12 3 4 5 6 2 1 7 0
18 6 12 3 4 0 5 2 1 7 6
17 7 10 3 0 4 5 2 1 7 6
18 4 14 3 4 7 5 6 0 1 2
17 5 12 3 4 7 5 0 6 1 2
18 4 14 3 4 7 5 6 1 2 0
18 6 12 2 4 5 3 6 1 7 0
18 6 12 2 4 0 5 6 1 7 3
18 6 12 2 4 5 6 3 1 7 0
18 6 12 2 4 0 5 3 1 7 6
18 8 10 1 0 4 5 6 3 7 2
18 8 10 1 3 4 5 6 7 0 2
18 10 8 1 3 4 5 2 6 7 0
18 8 10 2 3 4 5 6 1 0 7
18 6 12 3 4 5 0 7 6 1 2
18 6 12 3 4 5 2 7 6 0 1
18 8 10 6 3 4 5 2 1 0 7
18 6 12 4 0 5 6 3 1 7 2
18 8 10 1 4 5 6 3 0 7 2
18 6 12 3 0 5 6 1 4 7 2
18 6 12 3 4 5 6 1 7 0 2
18 4 14 3 1 4 2 6 0 5 7
17 5 12 3 1 4 2 0 6 5 7
18 6 12 2 3 4 0 6 1 5 7
18 4 14 3 4 2 7 6 1 5 0
18 6 12 6 3 4 2 0 1 7 5
18 8 10 1 3 4 2 6 0 7 5
17 9 8 1 3 4 2 0 6 7 5
17 11 6 1 3 4 2 5 6 7 0
17 11 6 1 3 4 2 5 6 7 0
18 6 12 6 0 5 2 1 4 7 3
18 8 10 4 1 5 2 3 6 7 0
18 6 12 4 5 2 0 6 1 7 3
18 8 10 1 5 0 2 6 4 7 3
18 6 12 6 0 5 3 1 4 7 2
18 8 10 4 1 5 3 2 6 7 0
18 8 10 1 5 0 3 6 4 7 2
17 9 8 1 5 3 0 6 4 7 2
18 10 8 1 4 5 0 2 6 7 3
18 6 12 4 1 5 2 0 3 7 6
18 6 12 4 5 2 0 3 1 7 6
18 8 10 1 5 0 2 3 4 7 6
18 8 10 1 3 5 2 6 4 7 0
18 6 12 3 5 2 0 1 4 7 6
18 8 10 3 1 4 0 2 6 7 5
17 9 8 3 1 0 4 2 6 7 5
18 8 10 3 1 4 0 2 6 7 5
18 8 10 3 1 4 5 2 6 0 7
18 6 12 6 3 5 2 4 0 1 7
18 6 12 3 5 1 2 6 4 7 0
18 6 12 4 6 5 2 3 0 1 7
18 6 12 4 5 0 2 3 6 1 7
18 8 10 6 3 4 5 1 7 2 0
18 6 12 6 3 4 2 1 0 5 7
18 10 8 6 5 3 4 1 0 7 2
18 12 6 1 0 3 4 6 5 7 2
18 14 4 1 5 3 4 2 6 7 0
18 8 10 1 0 5 2 4 3 7 6
18 8 10 1 0 5 2 4 3 7 6
18 10 8 1 4 2 0 3 6 7 5
18 10 8 1 4 2 0 3 6 7 5
18 10 8 1 5 2 0 4 6 7 3
18 10 8 1 5 2 0 4 6 7 3
18 12 6 5 1 3 4 2 6 7 0
18 14 4 2 1 3 4 5 6 7 0
18 14 4 2 1 3 4 5 6 7 0
18 10 8 5 0 1 4 3 6 7 2
18 12 6 1 4 0 3 5 6 7 2
17 13 4 1 4 3 0 5 6 7 2
18 8 10 0 3 4 5 2 1 7 6
18 8 10 3 1 4 5 2 0 7 6
18 8 10 0 3 4 5 2 1 7 6
18 6 12 0 4 7 5 3 6 1 2
18 8 10 3 4 7 0 5 6 1 2
18 6 12 0 1 4 2 3 6 5 7
17 7 10 1 0 4 2 3 6 5 7
18 8 10 6 3 4 2 5 1 7 0
18 8 10 6 3 4 2 5 1 7 0
18 8 10 0 5 2 4 6 1 7 3
18 10 8 1 5 3 2 6 4 7 0
18 8 10 0 5 2 4 3 1 7 6
18 10 8 3 0 1 4 2 6 7 5
18 14 4 1 4 3 2 5 6 7 0
18 8 10 1 4 0 2 3 6 5 7
19 7 12 3 0 5 6 4 1 7 2
19 7 12 3 4 2 6 0 1 7 5
19 7 12 6 0 5 2 4 1 7 3
19 7 12 6 4 5 0 2 1 7 3
19 7 12 1 4 5 2 6 7 0 3
19 7 12 6 0 5 3 4 1 7 2
19 7 12 6 4 5 0 3 1 7 2
19 7 12 1 4 5 3 6 7 0 2
19 7 12 1 4 5 2 3 7 0 6
18 8 10 1 4 0 2 3 7 5 6
19 5 14 3 1 4 5 6 7 0 2
19 7 12 4 3 5 2 6 0 1 7
19 7 12 6 4 5 2 3 0 1 7
19 7 12 7 4 5 2 3 6 1 0
19 7 12 6 0 4 5 1 3 7 2
19 9 10 2 1 4 5 3 6 7 0
19 9 10 1 4 7 5 3 6 0 2
19 11 8 3 6 1 4 5 0 7 2
19 7 12 0 4 5 3 2 1 7 6
19 9 10 0 3 4 5 1 6 7 2
19 9 10 2 3 4 5 0 1 7 6
19 7 12 6 4 5 0 3 1 7 2
19 7 12 1 3 4 2 6 0 5 7
18 8 10 1 3 4 2 0 6 5 7
19 7 12 7 3 4 2 6 1 5 0
19 5 14 0 4 2 3 6 1 5 7
19 9 10 3 0 4 2 1 6 7 5
19 9 10 3 1 4 2 5 6 0 7
19 11 8 3 1 0 2 5 6 7 4
19 11 8 0 1 4 2 5 6 7 3
18 12 6 1 0 4 2 5 6 7 3
19 9 10 3 1 4 2 5 6 0 7
19 11 8 3 1 0 2 5 6 7 4
19 11 8 0 1 4 2 5 6 7 3
19 7 12 2 3 4 0 6 1 7 5
18 8 10 2 3 0 4 6 1 7 5
17 9 8 2 0 3 4 6 1 7 5
16 10 6 0 2 3 4 6 1 7 5
17 11 6 6 2 3 4 0 1 7 5
17 13 4 1 2 3 4 6 0 7 5
16 14 2 1 2 3 4 0 6 7 5
