0 0 0 3 4 5 2 6 1 7 0
0 1 12 3 4 5 0 6 1 7 2
0 1 12 3 4 5 2 6 1 0 7
0 2 12 3 4 5 2 0 1 7 6
0 3 12 3 4 0 2 6 1 7 5
0 3 12 0 4 5 2 6 1 7 3
0 6 10 1 4 5 2 6 0 7 3
0 7 8 1 4 5 2 0 6 7 3
0 9 8 1 4 5 2 3 6 7 0
0 10 8 1 0 5 2 4 6 7 3
0 10 8 1 4 5 0 2 6 7 3
0 10 8 1 4 5 0 3 6 7 2
0 12 8 1 4 0 2 3 6 7 5
0 11 8 1 5 0 2 4 6 7 3
0 11 8 1 4 5 3 2 6 7 0
0 11 8 1 4 0 5 2 6 7 3
0 11 8 1 4 0 5 3 6 7 2
0 13 8 1 4 5 3 0 6 7 2
0 13 8 1 0 4 2 3 6 7 5
0 13 8 1 4 2 0 3 6 7 5
0 12 8 1 5 2 0 4 6 7 3
0 15 6 1 5 2 4 0 6 7 3
0 18 4 1 0 2 4 5 6 7 3
0 19 2 1 2 0 4 5 6 7 3
0 20 4 1 2 7 4 5 6 0 3
0 20 4 1 2 4 0 5 6 7 3
0 21 4 1 2 7 4 5 6 3 0
0 21 4 1 2 4 3 5 6 7 0
0 24 4 1 2 0 4 5 6 3 7
0 25 1 1 2 3 4 5 6 0 7
