0 0 0 3 4 5 2 6 1 7 0
0 1 12 3 4 5 0 6 1 7 2
0 4 10 3 4 5 7 6 1 0 2
0 5 8 3 4 5 7 6 1 2 0
0 6 10 3 4 5 0 6 1 2 7
0 7 10 3 4 5 7 0 1 2 6
0 8 8 3 4 5 7 1 0 2 6
0 9 6 3 4 5 7 1 2 0 6
0 10 4 3 4 5 7 1 2 6 0
0 11 6 3 4 5 0 1 2 6 7
0 9 8 3 0 5 7 1 4 2 6
0 10 8 3 4 0 7 1 2 5 6
0 13 8 3 4 0 7 1 2 6 5
0 12 8 3 4 0 5 1 2 6 7
0 14 8 3 4 5 6 1 2 0 7
0 10 8 0 3 5 7 1 4 2 6
0 11 6 1 3 5 7 0 4 2 6
0 13 4 1 3 5 7 6 4 2 0
0 13 6 6 3 5 7 1 4 2 0
0 12 6 1 3 5 7 4 0 2 6
0 13 4 1 3 5 7 4 2 0 6
0 14 2 1 3 5 7 4 2 6 0
0 15 4 1 3 5 0 4 2 6 7
0 14 6 1 3 5 0 6 4 2 7
0 14 6 1 3 5 7 6 4 0 2
0 14 6 1 3 0 7 4 2 5 6
0 16 6 1 3 5 7 0 2 6 4
0 17 4 1 3 5 7 2 0 6 4
0 18 4 1 3 5 7 2 6 0 4
0 19 2 1 3 5 7 2 6 4 0
0 20 4 1 3 5 0 2 6 4 7
0 17 6 1 3 0 7 4 2 6 5
0 16 6 1 3 0 5 4 2 6 7
0 18 6 1 3 5 6 4 2 0 7
0 15 6 1 3 7 0 4 2 5 6
0 18 6 1 0 5 7 2 3 6 4
0 19 6 1 3 0 7 2 6 5 4
0 22 6 1 3 0 7 2 6 4 5
0 21 6 1 3 0 5 2 6 4 7
0 23 6 1 3 5 4 2 6 0 7
0 18 6 1 3 6 7 4 2 0 5
0 19 4 1 3 6 7 4 2 5 0
0 18 6 1 3 7 0 4 2 6 5
0 19 4 1 3 7 5 4 2 6 0
0 17 6 1 3 6 5 4 2 0 7
0 19 6 1 3 5 6 4 2 7 0
0 16 6 1 3 7 6 4 2 5 0
0 18 6 1 3 7 5 4 2 0 6
0 19 6 1 5 0 7 2 3 6 4
0 20 6 1 3 7 0 2 6 5 4
0 23 6 1 3 4 7 2 6 0 5
0 24 4 1 3 4 7 2 6 5 0
0 23 6 1 3 7 0 2 6 4 5
0 24 4 1 3 7 5 2 6 4 0
0 22 6 1 3 4 5 2 6 0 7
0 24 6 1 3 5 4 2 0 6 7
0 24 6 1 3 5 4 2 6 7 0
0 20 6 1 3 6 0 4 2 5 7
0 20 6 1 3 7 5 4 2 0 6
0 18 6 1 3 6 5 4 2 7 0
0 20 6 1 3 5 0 4 2 7 6
0 20 6 1 5 6 7 2 3 0 4
0 21 4 1 5 6 7 2 3 4 0
0 20 6 1 5 7 0 2 3 6 4
0 21 6 1 3 7 4 2 6 5 0
0 23 6 1 3 7 5 2 6 0 4
0 24 6 1 3 4 7 2 0 6 5
0 25 6 1 3 4 0 2 6 5 7
0 25 6 1 3 7 5 2 6 0 4
0 23 6 1 3 4 5 2 0 6 7
0 23 6 1 3 4 5 2 6 7 0
0 25 6 1 3 5 0 2 6 7 4
0 22 6 1 5 6 0 2 3 4 7
0 24 6 1 5 0 7 2 3 4 6
0 21 6 1 5 7 4 2 3 6 0
0 24 6 1 3 7 5 2 0 6 4
0 26 6 1 3 7 5 2 0 6 4
0 25 6 1 5 4 7 2 3 0 6
0 26 4 1 5 4 7 2 3 6 0
0 25 6 1 0 5 7 2 3 4 6
0 26 4 1 3 5 7 2 0 4 6
0 27 2 1 3 5 7 2 4 0 6
