0 0 0 3 0 7 5 2 6 4 1
13 1 12 0 3 7 5 2 6 4 1
13 1 12 3 7 0 5 2 6 4 1
12 2 10 3 7 4 5 2 6 0 1
13 3 10 3 7 4 5 2 0 6 1
13 3 10 3 7 4 5 2 6 1 0
14 2 12 2 3 7 5 0 6 4 1
14 4 10 1 3 7 5 2 6 4 0
14 2 12 3 7 5 0 2 6 4 1
14 4 10 3 0 4 5 2 7 6 1
15 1 14 3 6 7 5 2 0 4 1
15 3 12 5 3 7 0 2 6 4 1
15 5 10 2 3 7 0 5 6 4 1
15 5 10 1 3 7 0 2 6 4 5
15 5 10 1 3 7 5 2 6 0 4
14 6 8 1 3 0 5 2 6 7 4
13 7 6 1 0 3 5 2 6 7 4
15 3 12 3 7 5 1 2 6 4 0
15 5 10 3 7 5 4 2 6 0 1
15 5 10 0 3 4 5 2 7 6 1
15 7 8 1 3 5 0 2 6 7 4
14 8 6 1 3 5 4 2 6 7 0
16 4 12 3 7 4 0 2 6 1 5
15 5 10 3 7 0 4 2 6 1 5
16 6 10 0 7 4 5 2 6 1 3
16 4 12 2 3 7 5 1 6 4 0
16 6 10 1 3 7 5 0 6 4 2
16 4 12 0 7 5 3 2 6 4 1
16 2 14 3 6 7 5 0 2 4 1
16 2 14 3 6 7 5 2 4 0 1
15 3 12 3 6 0 5 2 4 7 1
16 4 12 5 3 7 1 2 6 4 0
16 4 12 5 3 0 7 2 6 4 1
15 5 10 5 0 3 7 2 6 4 1
16 6 10 5 3 7 4 2 6 0 1
15 7 8 5 3 0 4 2 6 7 1
14 8 6 5 0 3 4 2 6 7 1
15 9 6 0 5 3 4 2 6 7 1
16 6 10 2 3 7 1 5 6 4 0
16 6 10 2 3 0 7 5 6 4 1
15 7 8 2 0 3 7 5 6 4 1
14 8 6 0 2 3 7 5 6 4 1
15 11 4 1 2 3 7 5 6 4 0
16 8 8 2 3 7 4 5 6 0 1
15 9 6 2 3 0 4 5 6 7 1
14 10 4 2 0 3 4 5 6 7 1
13 11 2 0 2 3 4 5 6 7 1
