0 0 0 3 0 7 5 2 6 4 1
13 1 12 3 6 7 5 2 0 4 1
12 2 10 3 6 7 5 2 4 0 1
11 3 8 3 6 7 5 2 4 1 0
13 1 12 0 3 7 5 2 6 4 1
8 4 4 1 3 7 5 2 6 4 0
11 5 6 1 3 7 0 2 6 4 5
11 5 6 1 3 7 5 2 6 0 4
12 6 6 1 3 0 7 2 6 4 5
12 6 6 1 3 7 5 2 0 6 4
13 1 12 3 7 0 5 2 6 4 1
12 2 10 3 7 5 0 2 6 4 1
11 3 8 3 7 5 1 2 6 4 0
13 3 10 5 3 7 0 2 6 4 1
12 4 8 5 3 7 1 2 6 4 0
13 7 6 1 3 0 5 2 6 4 7
12 8 4 1 3 5 0 2 6 4 7
11 9 2 1 3 5 7 2 6 4 0
13 7 6 1 3 4 7 2 6 0 5
12 8 4 1 3 4 7 2 6 5 0
14 4 10 3 6 7 0 2 4 1 5
14 2 12 2 3 7 5 0 6 4 1
10 4 6 2 3 7 5 1 6 4 0
13 5 8 2 3 7 0 1 6 4 5
13 5 8 2 3 7 5 1 6 0 4
14 6 8 1 3 0 5 2 6 7 4
13 7 6 1 3 5 0 2 6 7 4
14 2 12 3 7 4 5 2 6 0 1
13 3 10 3 7 4 5 2 6 1 0
14 4 10 3 7 5 1 2 6 0 4
14 4 10 5 3 0 7 2 6 4 1
14 8 6 1 3 4 5 2 6 0 7
14 10 4 1 3 5 7 2 6 0 4
14 8 6 1 3 4 7 2 0 6 5
14 6 8 2 3 0 7 1 6 4 5
14 6 8 2 3 7 5 1 0 6 4
14 8 6 1 3 5 4 2 6 7 0
14 10 4 1 3 5 7 2 6 0 4
15 3 12 3 6 0 5 2 4 7 1
14 4 10 3 6 5 0 2 4 7 1
13 5 8 3 6 5 1 2 4 7 0
14 6 8 3 6 5 1 2 4 0 7
15 7 8 1 0 3 7 2 6 4 5
15 7 8 1 0 7 5 2 3 6 4
15 7 8 1 3 7 5 0 2 6 4
13 9 4 1 3 7 5 4 2 6 0
15 5 10 5 3 7 1 2 6 0 4
15 9 6 1 3 4 0 2 6 5 7
15 5 10 3 6 0 7 2 4 1 5
14 6 8 3 6 1 7 2 4 0 5
13 7 6 3 6 1 7 2 4 5 0
15 3 12 2 3 7 5 6 0 4 1
14 4 10 2 3 7 5 6 4 0 1
13 5 8 2 3 7 5 6 4 1 0
15 5 10 2 3 7 0 5 6 4 1
14 6 8 2 3 7 1 5 6 4 0
15 7 8 2 3 0 5 1 6 4 7
14 8 6 2 3 5 0 1 6 4 7
13 9 4 2 3 5 7 1 6 4 0
15 3 12 3 7 4 5 2 0 6 1
15 5 10 3 7 5 1 2 0 6 4
15 5 10 5 3 4 7 2 6 0 1
14 6 8 5 3 4 7 2 6 1 0
15 9 6 1 3 4 5 2 0 6 7
15 9 6 1 3 4 5 2 6 7 0
15 11 4 1 3 5 7 2 0 6 4
15 7 8 2 3 4 7 1 6 0 5
14 8 6 2 3 4 7 1 6 5 0
15 9 6 1 3 5 4 2 6 0 7
15 9 6 1 3 5 4 2 6 0 7
15 11 4 1 3 5 7 2 0 6 4
15 7 8 3 6 5 7 2 4 0 1
14 8 6 3 6 5 7 2 4 1 0
15 7 8 2 3 7 1 5 6 0 4
16 2 14 3 6 7 5 0 2 4 1
12 4 8 3 6 7 5 1 2 4 0
15 5 10 3 6 7 0 1 2 4 5
15 5 10 3 6 7 5 1 2 0 4
16 6 10 3 6 0 5 2 4 1 7
15 7 8 3 6 5 0 2 4 1 7
15 7 8 3 6 1 5 2 4 0 7
15 7 8 3 6 5 0 2 4 1 7
16 4 12 6 3 7 5 2 0 4 1
15 5 10 6 3 7 5 2 4 0 1
14 6 8 6 3 7 5 2 4 1 0
16 6 10 1 3 7 5 0 6 4 2
16 8 8 1 3 7 4 2 6 0 5
15 9 6 1 3 7 4 2 6 5 0
16 6 10 5 3 7 4 2 6 0 1
15 7 8 5 3 7 4 2 6 1 0
16 8 8 1 0 3 5 2 6 4 7
16 8 8 2 3 7 4 1 6 0 5
15 9 6 2 3 7 4 1 6 5 0
16 6 10 2 3 0 5 1 6 7 4
15 7 8 2 3 5 0 1 6 7 4
14 8 6 2 3 5 4 1 6 7 0
16 4 12 3 7 4 0 2 6 1 5
16 4 12 3 0 6 5 2 4 7 1
16 8 8 1 6 3 7 2 0 4 5
15 9 6 1 6 3 7 2 4 0 5
14 10 4 1 6 3 7 2 4 5 0
16 8 8 1 7 0 5 2 3 6 4
15 9 6 1 7 5 0 2 3 6 4
16 10 6 1 3 7 0 5 2 6 4
15 11 4 1 3 7 4 5 2 6 0
16 10 6 1 3 7 0 4 2 6 5
16 10 6 1 3 7 5 4 2 0 6
16 6 10 5 3 0 1 2 6 7 4
15 7 8 5 3 1 0 2 6 7 4
14 8 6 5 3 1 4 2 6 7 0
16 6 10 5 3 7 1 2 0 6 4
16 6 10 3 0 6 7 2 4 1 5
16 8 8 3 6 1 0 2 4 5 7
16 6 10 2 3 7 0 6 4 1 5
16 8 8 2 3 7 4 5 6 0 1
15 9 6 2 3 7 4 5 6 1 0
16 8 8 2 3 4 5 1 6 0 7
16 10 6 2 3 5 7 1 6 0 4
16 6 10 5 3 4 7 2 0 6 1
16 8 8 2 3 4 7 1 0 6 5
16 10 6 1 3 5 4 2 0 6 7
16 10 6 1 3 5 4 2 0 6 7
16 8 8 2 3 0 1 5 6 7 4
15 9 6 2 3 1 0 5 6 7 4
14 10 4 2 3 1 4 5 6 7 0
16 6 10 3 6 0 7 1 2 4 5
16 8 8 3 6 1 5 2 4 7 0
16 10 6 1 3 7 0 2 6 5 4
16 10 6 2 3 5 7 1 6 0 4
16 10 6 1 7 5 4 2 3 6 0
17 5 12 3 7 5 4 2 6 0 1
16 6 10 3 7 5 4 2 6 1 0
17 7 10 5 3 0 1 2 6 4 7
16 8 8 5 3 1 0 2 6 4 7
15 9 6 5 3 1 7 2 6 4 0
17 11 6 1 3 0 7 2 6 5 4
17 7 10 3 6 7 1 2 4 0 5
16 8 8 3 6 7 1 2 4 5 0
17 7 10 1 0 3 5 2 6 7 4
17 5 12 3 7 0 1 2 6 5 4
16 6 10 3 7 1 0 2 6 5 4
17 5 12 5 0 3 7 2 6 4 1
17 11 6 1 3 0 7 2 6 5 4
17 9 8 1 0 4 7 2 3 6 5
16 10 6 1 4 0 7 2 3 6 5
17 9 8 1 3 4 7 0 2 6 5
17 7 10 2 0 3 7 1 6 4 5
17 7 10 2 0 7 5 1 3 6 4
17 7 10 2 3 7 5 0 1 6 4
15 9 6 2 3 7 5 4 1 6 0
17 11 6 1 3 0 7 2 6 5 4
17 7 10 3 6 0 1 2 4 5 7
17 7 10 3 6 5 1 2 0 4 7
17 7 10 3 6 1 7 2 0 4 5
17 5 12 2 3 0 5 6 4 7 1
16 6 10 2 3 5 0 6 4 7 1
15 7 8 2 3 5 1 6 4 7 0
16 8 8 2 3 5 1 6 4 0 7
17 7 10 2 3 7 5 0 4 1 6
17 7 10 5 3 4 0 2 6 1 7
17 9 8 2 3 4 0 1 6 5 7
17 5 12 3 6 7 0 5 2 4 1
16 6 10 3 6 7 1 5 2 4 0
17 7 10 3 6 0 5 1 2 4 7
16 8 8 3 6 5 0 1 2 4 7
15 9 6 3 6 5 7 1 2 4 0
17 7 10 3 0 6 5 2 4 1 7
17 7 10 6 3 7 0 2 4 1 5
17 7 10 1 3 7 5 6 0 4 2
16 8 8 1 3 7 5 6 4 0 2
15 9 6 1 3 7 5 6 4 2 0
17 9 8 1 3 7 0 5 6 4 2
16 10 6 1 3 7 2 5 6 4 0
17 9 8 1 3 0 4 2 6 7 5
17 9 8 1 3 0 4 2 6 7 5
17 9 8 1 3 7 4 2 0 6 5
17 7 10 5 3 0 4 2 6 7 1
17 9 8 1 6 3 5 2 0 4 7
16 10 6 1 6 3 5 2 4 0 7
17 9 8 2 3 0 4 1 6 7 5
17 7 10 2 0 3 5 1 6 7 4
17 9 8 2 3 5 4 1 6 0 7
17 9 8 2 3 5 4 1 6 0 7
17 5 12 3 4 6 5 2 0 7 1
17 5 12 0 3 6 5 2 4 7 1
12 8 4 1 3 6 5 2 4 7 0
13 9 4 1 3 6 5 2 4 0 7
14 10 4 1 3 0 5 2 4 6 7
13 11 2 1 3 5 0 2 4 6 7
