0 0 0 3 0 7 5 2 6 4 1
0 1 12 3 6 7 5 2 0 4 1
0 2 10 3 6 7 5 2 4 0 1
0 3 8 3 6 7 5 2 4 1 0
0 4 10 3 6 7 0 2 4 1 5
0 6 10 3 6 0 5 2 4 1 7
0 7 8 3 6 1 5 2 4 0 7
0 7 8 3 6 5 0 2 4 1 7
0 8 6 3 6 5 7 2 4 1 0
0 8 8 3 6 1 5 2 4 7 0
0 10 8 3 6 5 1 2 4 0 7
0 9 8 3 6 5 7 2 4 0 1
0 11 8 3 6 5 1 2 4 7 0
0 5 10 3 6 0 7 2 4 1 5
0 6 8 3 6 1 7 2 4 0 5
0 7 6 3 6 1 7 2 4 5 0
0 8 8 3 6 1 0 2 4 5 7
0 7 10 3 6 7 1 2 4 0 5
0 8 8 3 6 7 1 2 4 5 0
0 7 10 3 0 6 5 2 4 1 7
0 8 10 3 6 1 5 2 0 4 7
0 11 10 3 6 0 7 2 4 1 5
0 9 10 3 6 1 0 2 4 7 5
0 11 10 3 6 0 1 2 4 5 7
0 11 10 3 6 5 1 2 0 4 7
0 10 10 3 6 0 7 2 4 5 1
0 10 10 3 6 5 7 2 0 4 1
0 12 10 3 6 5 0 2 4 7 1
0 6 10 3 0 6 7 2 4 1 5
0 7 10 3 6 1 7 2 0 4 5
0 10 10 3 6 0 7 2 4 5 1
0 9 10 3 6 0 1 2 4 5 7
0 9 10 3 6 7 0 2 4 5 1
0 11 10 3 6 0 1 2 4 5 7
0 8 10 3 4 6 5 2 0 1 7
0 9 8 3 4 6 5 2 1 0 7
0 10 8 3 4 0 5 2 1 6 7
0 11 6 3 4 5 0 2 1 6 7
0 12 4 3 4 5 7 2 1 6 0
0 13 6 3 4 5 7 2 1 0 6
0 10 8 3 4 6 5 2 1 7 0
0 14 8 3 4 5 6 2 1 0 7
0 15 8 3 4 0 7 2 1 6 5
0 14 8 3 4 0 7 2 1 5 6
0 14 8 3 4 5 7 2 0 1 6
0 15 8 3 4 5 6 2 1 7 0
0 16 8 3 4 6 7 2 1 0 5
0 17 6 3 4 6 7 2 1 5 0
0 16 8 3 4 7 0 2 1 6 5
0 17 6 3 4 7 5 2 1 6 0
0 15 8 3 4 7 0 2 1 5 6
0 15 8 3 0 5 7 2 4 1 6
0 16 8 3 4 5 0 2 1 7 6
0 18 8 3 4 6 0 2 1 5 7
0 18 8 3 4 7 5 2 1 0 6
0 16 8 3 4 7 6 2 1 5 0
0 18 8 3 4 7 5 2 1 0 6
0 16 8 0 3 5 7 2 4 1 6
0 19 6 6 3 5 7 2 4 1 0
0 16 8 3 5 0 7 2 4 1 6
0 17 6 3 5 1 7 2 4 0 6
0 18 4 3 5 1 7 2 4 6 0
0 19 6 3 5 1 0 2 4 6 7
0 17 8 2 3 5 7 0 4 1 6
0 19 6 2 3 5 7 6 4 1 0
0 18 8 7 3 5 0 2 4 1 6
0 19 8 4 3 5 7 2 0 1 6
0 20 6 4 3 5 7 2 1 0 6
0 21 4 4 3 5 7 2 1 6 0
0 22 6 4 3 5 0 2 1 6 7
0 20 8 6 3 5 0 2 4 1 7
0 20 8 6 3 5 7 2 4 0 1
0 17 8 3 5 7 0 2 4 1 6
0 18 8 3 5 1 7 2 0 4 6
0 21 8 3 5 0 7 2 4 6 1
0 20 8 3 5 0 1 2 4 6 7
0 22 8 3 5 1 6 2 4 0 7
0 18 8 2 3 5 7 4 0 1 6
0 19 6 2 3 5 7 4 1 0 6
0 20 4 2 3 5 7 4 1 6 0
0 21 6 2 3 5 0 4 1 6 7
0 20 8 2 3 5 0 6 4 1 7
0 20 8 2 3 5 7 6 4 0 1
0 19 8 7 3 5 6 2 4 1 0
0 21 8 7 3 5 1 2 4 0 6
0 22 6 7 3 5 1 2 4 6 0
0 21 8 4 3 0 7 2 1 5 6
0 24 8 4 3 0 7 2 1 6 5
0 24 8 0 3 5 7 2 1 6 4
0 27 4 1 3 5 7 2 0 6 4
0 28 4 1 3 5 7 2 6 0 4
0 29 2 1 3 5 7 2 6 4 0
0 30 4 1 3 5 0 2 6 4 7
0 28 6 1 0 5 7 2 3 6 4
0 28 6 1 3 5 7 0 2 6 4
0 30 2 1 3 5 7 4 2 6 0
0 31 4 1 3 5 0 4 2 6 7
0 31 4 1 3 5 7 4 2 0 6
0 29 6 1 3 0 7 2 6 5 4
0 32 6 1 3 0 7 2 6 4 5
0 31 6 1 3 0 5 2 6 4 7
0 33 6 1 3 5 4 2 6 0 7
0 29 6 1 5 0 7 2 3 6 4
0 33 6 1 3 0 7 4 2 6 5
0 32 6 1 3 0 5 4 2 6 7
0 34 6 1 3 5 6 4 2 0 7
0 32 6 1 3 0 7 4 2 5 6
0 32 6 1 3 5 7 4 0 2 6
0 30 6 1 3 7 0 2 6 5 4
0 33 6 1 3 4 7 2 6 0 5
0 34 4 1 3 4 7 2 6 5 0
0 33 6 1 3 7 0 2 6 4 5
0 34 4 1 3 7 5 2 6 4 0
0 32 6 1 3 4 5 2 6 0 7
0 34 6 1 3 5 4 2 0 6 7
0 34 6 1 3 5 4 2 6 7 0
0 30 6 1 5 6 7 2 3 0 4
0 31 4 1 5 6 7 2 3 4 0
0 30 6 1 5 7 0 2 3 6 4
0 34 6 1 3 6 7 4 2 0 5
0 35 4 1 3 6 7 4 2 5 0
0 34 6 1 3 7 0 4 2 6 5
0 35 4 1 3 7 5 4 2 6 0
0 33 6 1 3 6 5 4 2 0 7
0 35 6 1 3 5 6 4 2 7 0
0 33 6 1 3 7 0 4 2 5 6
0 33 6 1 3 5 7 0 4 2 6
0 35 4 1 3 5 7 6 4 2 0
0 31 6 1 3 7 4 2 6 5 0
0 33 6 1 3 7 5 2 6 0 4
0 34 6 1 3 4 7 2 0 6 5
0 35 6 1 3 4 0 2 6 5 7
0 35 6 1 3 7 5 2 6 0 4
0 33 6 1 3 4 5 2 0 6 7
0 33 6 1 3 4 5 2 6 7 0
0 35 6 1 3 5 0 2 6 7 4
0 32 6 1 5 6 0 2 3 4 7
0 34 6 1 5 0 7 2 3 4 6
0 31 6 1 5 7 4 2 3 6 0
0 36 6 1 3 6 0 4 2 5 7
0 36 6 1 3 7 5 4 2 0 6
0 34 6 1 3 6 5 4 2 7 0
0 36 6 1 3 5 0 4 2 7 6
0 34 6 1 3 7 6 4 2 5 0
0 36 6 1 3 7 5 4 2 0 6
0 36 6 1 3 5 0 6 4 2 7
0 36 6 1 3 5 7 6 4 0 2
0 34 6 1 3 7 5 2 0 6 4
0 36 6 1 3 7 5 2 0 6 4
0 35 6 1 5 4 7 2 3 0 6
0 36 4 1 5 4 7 2 3 6 0
0 35 6 1 0 5 7 2 3 4 6
0 36 4 1 3 5 7 2 0 4 6
0 37 2 1 3 5 7 2 4 0 6
