0 0 0 1 6 0 3 2 5 7 4
9 1 8 1 6 3 0 2 5 7 4
8 2 6 1 6 3 4 2 5 7 0
10 4 6 1 6 3 4 0 5 7 2
9 5 4 1 6 3 4 5 0 7 2
8 6 2 1 0 3 4 5 6 7 2
11 1 10 1 0 6 3 2 5 7 4
11 3 8 1 6 3 4 2 5 0 7
11 7 4 0 1 3 4 5 6 7 2
11 7 4 1 3 0 4 5 6 7 2
12 4 8 1 6 3 2 0 5 7 4
11 5 6 1 6 3 2 5 0 7 4
10 6 4 1 0 3 2 5 6 7 4
12 6 6 1 6 3 4 5 7 0 2
12 2 10 1 5 6 3 2 0 7 4
12 4 8 1 6 3 4 2 0 5 7
11 5 6 1 0 3 4 2 6 5 7
13 1 12 1 6 7 3 2 5 0 4
13 3 10 0 6 3 1 2 5 7 4
13 5 8 1 6 0 4 2 5 7 3
13 5 8 0 6 3 4 2 5 7 1
13 5 8 0 6 3 4 1 5 7 2
13 7 6 1 0 3 4 6 5 7 2
13 7 6 0 1 3 2 5 6 7 4
13 7 6 1 3 0 2 5 6 7 4
13 7 6 1 6 3 4 5 7 2 0
13 3 10 1 5 6 3 0 2 7 4
13 5 8 1 6 3 4 0 2 5 7
14 4 10 1 6 3 7 2 5 0 4
14 2 12 0 1 6 3 2 5 7 4
14 4 10 1 6 0 4 2 5 3 7
14 8 6 5 1 3 4 0 6 7 2
14 10 4 2 1 3 4 5 6 7 0
14 8 6 1 3 7 4 5 6 0 2
14 8 6 1 3 4 0 5 6 7 2
14 6 8 1 6 3 2 4 5 7 0
14 6 8 1 6 3 2 5 7 0 4
14 6 8 0 1 3 4 2 6 5 7
14 6 8 1 3 0 4 2 6 5 7
14 2 12 1 6 7 3 2 0 5 4
13 3 10 1 0 7 3 2 6 5 4
14 2 12 1 6 7 3 2 5 4 0
14 4 10 2 6 3 1 0 5 7 4
13 5 8 2 6 3 1 5 0 7 4
12 6 6 2 0 3 1 5 6 7 4
11 7 4 0 2 3 1 5 6 7 4
11 9 2 1 2 3 0 5 6 7 4
