0 0 0 1 6 0 3 2 5 7 4
0 1 8 1 6 3 0 2 5 7 4
0 2 6 1 6 3 4 2 5 7 0
0 4 6 1 6 3 4 0 5 7 2
0 5 4 1 6 3 4 5 0 7 2
0 6 2 1 0 3 4 5 6 7 2
0 7 4 0 1 3 4 5 6 7 2
0 7 4 1 3 0 4 5 6 7 2
0 10 4 2 1 3 4 5 6 7 0
0 7 6 1 0 3 4 6 5 7 2
0 6 6 1 6 3 4 5 7 0 2
0 8 6 5 1 3 4 0 6 7 2
0 9 6 4 1 3 0 5 6 7 2
0 10 6 6 1 3 4 5 0 7 2
0 8 6 1 3 7 4 5 6 0 2
0 8 6 1 3 4 0 5 6 7 2
0 11 6 2 1 3 0 5 6 7 4
0 11 6 2 1 3 4 5 6 0 7
0 12 6 2 1 3 4 0 6 7 5
0 13 6 2 1 0 4 5 6 7 3
0 8 6 1 5 3 4 6 0 7 2
0 9 4 1 5 3 4 0 6 7 2
0 11 4 1 5 3 4 2 6 7 0
0 7 6 1 6 3 4 5 7 2 0
0 10 6 5 1 3 4 2 6 7 0
0 11 6 5 0 3 4 1 6 7 2
0 10 6 4 1 3 2 5 6 7 0
0 11 6 6 0 3 4 5 1 7 2
0 9 6 1 3 7 4 5 6 2 0
0 9 6 1 3 4 2 5 6 7 0
0 13 6 0 1 3 2 5 6 7 4
0 14 4 1 0 3 2 5 6 7 4
0 13 6 0 1 3 4 2 6 7 5
0 14 4 1 0 3 4 2 6 7 5
0 15 6 2 0 3 4 1 6 7 5
0 16 4 0 2 3 4 1 6 7 5
0 17 2 1 2 3 4 0 6 7 5
