0 0 0 4 1 0 6 5 7 2 3
13 1 12 4 1 2 6 5 7 0 3
12 2 10 4 1 2 6 5 7 3 0
13 1 12 4 1 6 0 5 7 2 3
12 2 10 4 1 6 3 5 7 2 0
13 3 10 4 1 2 0 5 7 3 6
14 2 12 4 1 2 6 5 0 7 3
15 3 12 0 1 6 4 5 7 2 3
14 4 10 1 0 6 4 5 7 2 3
13 5 8 1 6 0 4 5 7 2 3
12 6 6 1 6 2 4 5 7 0 3
11 7 4 1 6 2 4 5 7 3 0
13 7 6 1 6 2 4 5 0 7 3
14 6 8 3 1 6 4 5 7 2 0
14 6 8 1 6 4 0 5 7 2 3
13 7 6 1 6 4 3 5 7 2 0
14 8 6 1 6 2 0 5 7 3 4
14 8 6 1 0 2 4 5 6 7 3
13 9 4 1 2 0 4 5 6 7 3
14 10 4 1 2 7 4 5 6 0 3
13 11 2 1 2 7 4 5 6 3 0
14 10 4 1 2 4 0 5 6 7 3
13 11 2 1 2 4 3 5 6 7 0
15 3 12 4 1 6 3 5 7 0 2
15 5 10 0 1 2 4 5 7 3 6
14 6 8 1 0 2 4 5 7 3 6
13 7 6 1 2 0 4 5 7 3 6
12 8 4 1 2 3 4 5 7 0 6
11 9 2 1 2 3 4 5 7 6 0
13 9 4 1 2 3 4 5 0 7 6
14 8 6 6 1 2 4 5 7 3 0
14 8 6 1 2 4 0 5 7 3 6
14 10 4 1 2 3 0 5 7 6 4
15 5 10 1 7 6 4 5 0 2 3
14 6 8 1 7 6 4 5 2 0 3
13 7 6 1 7 6 4 5 2 3 0
15 7 8 1 7 2 4 5 0 3 6
15 9 6 1 2 4 6 5 7 3 0
15 7 8 1 7 0 4 5 2 6 3
16 4 12 4 1 6 2 5 7 0 3
15 5 10 4 1 6 2 5 7 3 0
16 4 12 4 1 0 2 5 7 3 6
15 5 10 4 1 3 2 5 7 0 6
14 6 8 4 1 3 2 5 7 6 0
16 6 10 4 1 2 3 5 7 0 6
15 7 8 4 1 2 3 5 7 6 0
16 4 12 5 1 6 4 0 7 2 3
16 8 8 1 6 2 4 0 5 7 3
16 8 8 1 6 4 3 5 7 0 2
16 12 4 1 2 7 0 5 6 3 4
16 12 4 1 2 4 3 5 6 0 7
16 4 12 4 1 0 3 5 7 6 2
15 5 10 4 1 3 0 5 7 6 2
15 5 10 4 1 3 0 5 7 6 2
16 4 12 4 1 6 3 5 0 7 2
16 6 10 5 1 2 4 0 7 3 6
14 8 6 5 1 2 4 6 7 3 0
16 10 6 1 0 3 4 5 2 7 6
16 10 6 1 2 3 4 0 5 7 6
14 12 2 1 2 3 4 6 5 7 0
16 8 8 1 7 6 0 5 2 3 4
16 8 8 1 7 2 4 5 3 0 6
15 9 6 1 7 2 4 5 3 6 0
16 8 8 1 0 7 4 5 2 6 3
15 9 6 1 2 7 4 5 0 6 3
15 9 6 1 2 7 4 5 0 6 3
16 8 8 1 7 4 0 5 2 6 3
15 9 6 1 7 4 3 5 2 6 0
16 6 10 4 1 3 2 5 0 7 6
16 6 10 5 1 6 4 3 7 2 0
16 10 6 1 6 2 4 3 5 7 0
17 1 16 4 0 1 6 5 7 2 3
17 5 12 0 1 2 6 5 7 3 4
15 7 8 6 1 2 0 5 7 3 4
15 7 8 6 1 2 0 5 7 3 4
16 6 10 1 0 2 6 5 7 3 4
15 7 8 1 2 0 6 5 7 3 4
14 8 6 1 2 3 6 5 7 0 4
14 8 6 1 2 3 6 5 7 0 4
14 8 6 1 2 6 0 5 7 3 4
13 9 4 1 2 6 4 5 7 3 0
15 7 8 1 2 0 6 5 7 3 4
15 9 6 1 2 3 6 5 0 7 4
15 9 6 1 2 3 6 5 7 4 0
15 9 6 1 2 3 6 5 0 7 4
15 9 6 1 2 3 6 5 7 4 0
16 10 6 1 2 6 4 5 7 0 3
16 10 6 1 2 3 0 5 7 4 6
16 10 6 1 2 3 0 5 7 4 6
17 5 12 4 1 0 3 5 7 2 6
16 6 10 4 1 3 0 5 7 2 6
17 5 12 0 1 6 3 5 7 2 4
16 6 10 1 0 6 3 5 7 2 4
15 7 8 1 6 0 3 5 7 2 4
14 8 6 1 6 2 3 5 7 0 4
14 8 6 1 6 2 3 5 7 0 4
14 8 6 1 6 3 0 5 7 2 4
13 9 4 1 6 3 4 5 7 2 0
15 7 8 1 6 0 3 5 7 2 4
15 9 6 1 6 2 3 5 0 7 4
15 9 6 1 6 2 3 5 7 4 0
15 9 6 1 6 2 3 5 0 7 4
15 9 6 1 6 2 3 5 7 4 0
16 10 6 1 6 3 4 5 7 0 2
16 10 6 1 0 2 3 5 6 7 4
15 11 4 1 2 0 3 5 6 7 4
14 12 2 1 2 3 0 5 6 7 4
