0 0 0 4 1 0 6 5 7 2 3
0 1 12 4 1 2 6 5 7 0 3
0 2 10 4 1 2 6 5 0 7 3
0 3 10 4 0 2 6 5 1 7 3
0 4 8 4 2 0 6 5 1 7 3
0 5 8 4 2 6 0 5 1 7 3
0 7 6 0 2 6 4 5 1 7 3
0 10 4 1 2 6 4 5 0 7 3
0 10 6 3 2 6 4 5 1 7 0
0 11 6 1 0 6 4 5 2 7 3
0 11 6 1 2 6 4 0 5 7 3
0 11 6 1 2 6 4 5 7 0 3
0 13 6 3 2 0 4 5 1 7 6
0 12 6 1 6 0 4 5 2 7 3
0 13 6 1 2 6 4 3 5 7 0
0 12 6 1 2 0 4 5 7 6 3
0 12 6 1 2 6 4 5 7 3 0
0 16 6 1 2 0 4 3 5 7 6
0 15 6 1 2 0 4 5 7 3 6
0 16 4 1 2 3 4 5 7 0 6
0 17 2 1 2 3 4 5 0 7 6
0 17 4 1 2 3 4 5 7 6 0
0 18 4 1 0 3 4 5 2 7 6
0 18 4 1 2 3 4 0 5 7 6
0 20 4 1 2 3 4 6 5 7 0
0 18 6 1 2 3 0 5 7 6 4
0 19 6 1 2 3 4 0 7 6 5
0 20 6 0 2 3 4 5 7 6 1
0 19 6 0 1 3 4 5 2 7 6
0 19 6 1 3 0 4 5 2 7 6
0 19 6 0 2 3 4 1 5 7 6
0 21 6 1 0 3 4 2 5 7 6
0 21 6 1 2 3 0 4 5 7 6
0 21 6 1 2 3 0 6 5 7 4
0 21 6 1 2 3 4 6 5 0 7
0 23 6 1 2 0 4 6 5 7 3
0 23 6 0 2 3 4 6 5 7 1
0 21 6 1 2 3 6 5 7 0 4
0 22 4 1 2 3 6 5 0 7 4
0 20 6 1 2 3 4 7 0 6 5
0 21 4 1 2 3 4 7 6 0 5
0 22 4 1 2 3 4 7 6 5 0
0 24 4 1 2 3 4 0 6 5 7
0 23 6 7 2 3 4 5 0 6 1
0 24 4 7 2 3 4 5 6 0 1
0 25 4 7 2 3 4 5 6 1 0
0 28 4 0 2 3 4 5 6 1 7
0 22 6 2 1 3 4 5 0 7 6
0 22 6 6 1 3 4 5 2 7 0
0 22 6 5 2 3 4 1 0 7 6
0 22 6 6 2 3 4 1 5 7 0
0 22 6 1 5 3 4 2 0 7 6
0 22 6 1 2 3 6 4 5 7 0
0 24 6 1 2 3 6 0 5 7 4
0 22 6 1 2 3 4 6 0 5 7
0 24 6 6 2 3 4 0 5 7 1
0 25 4 6 2 3 4 5 0 7 1
0 26 6 5 2 3 4 6 0 7 1
0 27 4 5 2 3 4 0 6 7 1
0 28 2 0 2 3 4 5 6 7 1
