0 0 0 0 3 7 5 2 1 4 6
9 3 6 1 3 7 5 2 0 4 6
8 4 4 1 3 7 5 2 4 0 6
7 5 2 1 3 7 5 2 4 6 0
10 2 8 5 3 7 0 2 1 4 6
10 6 4 1 3 7 0 2 4 6 5
11 1 10 2 3 7 5 0 1 4 6
10 2 8 2 3 7 5 1 0 4 6
9 3 6 2 3 7 5 1 4 0 6
8 4 4 2 3 7 5 1 4 6 0
11 1 10 3 0 7 5 2 1 4 6
10 2 8 3 1 7 5 2 0 4 6
9 3 6 3 1 7 5 2 4 0 6
8 4 4 3 1 7 5 2 4 6 0
11 3 8 6 3 7 5 2 1 4 0
11 5 6 1 3 0 5 2 4 7 6
10 6 4 1 3 5 0 2 4 7 6
11 3 8 5 3 7 6 2 1 4 0
11 3 8 5 3 0 7 2 1 4 6
11 7 4 1 3 0 7 2 4 6 5
11 3 8 2 3 7 5 6 1 4 0
11 5 6 2 3 7 0 1 4 6 5
11 5 6 3 1 7 0 2 4 6 5
11 7 4 1 3 5 6 2 4 7 0
11 9 2 1 3 5 7 2 4 0 6
