0 0 0 0 3 7 5 2 1 4 6
15 1 14 2 3 7 5 0 1 4 6
15 1 14 3 0 7 5 2 1 4 6
15 3 12 1 3 7 5 2 0 4 6
14 4 10 1 0 7 5 2 3 4 6
15 5 10 0 1 7 5 2 3 4 6
15 5 10 1 7 0 5 2 3 4 6
16 2 14 5 3 7 0 2 1 4 6
15 3 12 5 3 7 6 2 1 4 0
16 2 14 2 3 7 5 1 0 4 6
16 4 12 2 3 7 0 5 1 4 6
16 2 14 3 1 7 5 2 0 4 6
16 2 14 3 7 0 5 2 1 4 6
13 3 10 3 7 4 5 2 1 0 6
14 4 10 3 7 4 5 2 0 1 6
14 4 10 3 7 4 5 2 1 6 0
15 5 10 3 0 4 5 2 7 1 6
16 4 12 1 3 7 5 0 2 4 6
16 4 12 1 3 7 5 2 4 0 6
15 5 10 1 3 0 5 2 4 7 6
14 6 8 1 0 3 5 2 4 7 6
15 7 8 1 4 3 5 2 0 7 6
16 6 10 1 7 4 5 2 3 0 6
16 6 10 1 7 5 0 2 3 4 6
16 4 12 5 3 7 6 2 1 0 4
16 6 10 0 3 4 5 2 7 1 6
16 6 10 1 3 5 0 2 4 7 6
16 8 8 1 4 3 5 0 2 7 6
17 3 14 6 3 7 5 2 1 4 0
17 3 14 2 3 7 5 6 1 4 0
17 7 10 5 1 7 0 2 3 4 6
17 3 14 5 3 0 7 2 1 4 6
14 4 10 5 3 4 7 2 1 0 6
15 5 10 5 3 4 7 2 0 1 6
16 4 12 5 0 3 7 2 1 4 6
16 6 10 5 0 4 7 2 3 1 6
16 6 10 5 3 4 7 0 2 1 6
17 5 12 5 3 7 4 2 1 0 6
16 6 10 5 3 0 4 2 1 7 6
15 7 8 5 0 3 4 2 1 7 6
16 8 8 5 1 3 4 2 0 7 6
16 8 8 0 5 3 4 2 1 7 6
17 5 12 5 3 7 6 0 1 4 2
17 3 14 2 0 7 5 1 3 4 6
16 4 12 0 2 7 5 1 3 4 6
15 5 10 1 2 7 5 0 3 4 6
16 6 10 1 2 7 5 3 0 4 6
16 8 8 1 2 7 0 5 3 4 6
17 3 14 2 3 7 5 1 4 0 6
16 4 12 2 3 0 5 1 4 7 6
15 5 10 2 0 3 5 1 4 7 6
14 6 8 0 2 3 5 1 4 7 6
13 7 6 1 2 3 5 0 4 7 6
14 8 6 1 2 3 5 4 0 7 6
14 10 4 1 2 3 0 5 4 7 6
15 9 6 1 2 3 5 6 4 7 0
15 11 4 1 2 3 6 5 4 7 0
16 6 10 2 4 3 5 1 0 7 6
16 8 8 5 2 3 0 1 4 7 6
16 10 6 1 2 3 0 6 4 7 5
17 5 12 2 3 7 6 5 1 4 0
17 5 12 2 3 0 7 5 1 4 6
16 6 10 2 3 4 7 5 1 0 6
16 6 10 2 0 3 7 5 1 4 6
15 7 8 0 2 3 7 5 1 4 6
16 10 6 1 2 3 7 5 0 4 6
17 7 10 2 3 7 4 5 1 0 6
16 8 8 2 3 0 4 5 1 7 6
15 9 6 2 0 3 4 5 1 7 6
14 10 4 0 2 3 4 5 1 7 6
15 13 2 1 2 3 4 5 0 7 6
16 10 6 2 1 3 4 5 0 7 6
17 3 14 3 1 7 5 0 2 4 6
17 3 14 3 1 7 5 2 4 0 6
16 4 12 3 1 0 5 2 4 7 6
17 3 14 3 7 5 0 2 1 4 6
16 4 12 3 7 5 6 2 1 4 0
17 5 12 3 7 4 0 2 1 6 5
17 7 10 0 7 4 5 2 1 6 3
17 7 10 1 3 7 0 5 2 4 6
17 5 12 1 3 7 5 2 4 6 0
17 7 10 0 1 3 5 2 4 7 6
17 7 10 1 7 4 5 2 0 3 6
17 7 10 1 7 4 5 2 3 6 0
17 7 10 1 7 5 6 2 3 4 0
17 5 12 5 3 0 6 2 1 7 4
16 6 10 5 0 3 6 2 1 7 4
17 5 12 5 3 7 6 2 0 1 4
17 7 10 2 3 4 5 0 7 1 6
17 7 10 1 3 5 6 2 4 7 0
17 11 6 1 4 3 0 5 2 7 6
17 5 12 5 3 4 7 2 1 6 0
17 5 12 5 1 3 7 2 0 4 6
17 5 12 0 5 3 7 2 1 4 6
17 7 10 0 5 4 7 2 3 1 6
17 7 10 5 4 0 7 2 3 1 6
17 7 10 0 3 4 7 5 2 1 6
17 7 10 5 3 4 0 2 1 7 6
17 9 8 5 1 3 4 0 2 7 6
16 10 6 0 1 3 4 5 2 7 6
15 11 4 1 0 3 4 5 2 7 6
14 12 2 1 2 3 4 5 0 7 6
15 11 4 1 0 3 4 5 2 7 6
17 9 8 2 5 3 4 0 1 7 6
17 11 6 1 5 3 4 2 0 7 6
17 7 10 1 2 7 5 6 3 4 0
16 8 8 1 2 7 0 6 3 4 5
17 7 10 1 2 7 5 3 4 0 6
16 8 8 1 2 0 5 3 4 7 6
17 9 8 1 2 7 6 5 3 4 0
17 9 8 1 2 0 7 5 3 4 6
17 11 6 1 2 7 4 5 3 0 6
16 12 4 1 2 0 4 5 3 7 6
17 5 12 2 3 5 0 1 4 7 6
17 9 8 4 2 3 5 1 0 7 6
17 9 8 6 2 3 5 1 4 7 0
17 9 8 1 0 3 5 4 2 7 6
17 9 8 1 0 3 5 4 2 7 6
17 9 8 1 2 3 5 4 7 0 6
17 11 6 1 2 0 3 5 4 7 6
17 7 10 2 4 3 5 0 1 7 6
17 9 8 5 2 3 6 1 4 7 0
17 7 10 2 3 4 7 5 0 1 6
17 7 10 2 1 3 7 5 0 4 6
17 9 8 7 2 3 0 5 1 4 6
17 11 6 1 2 3 7 5 4 0 6
17 11 6 1 2 3 7 5 4 0 6
17 11 6 5 2 3 4 0 1 7 6
17 13 4 6 2 3 4 5 1 7 0
17 5 12 3 0 1 5 2 4 7 6
17 5 12 3 1 5 0 2 4 7 6
17 5 12 3 7 5 6 2 1 0 4
17 7 10 5 1 3 6 2 0 7 4
17 7 10 0 5 3 6 2 1 7 4
17 13 4 1 2 3 4 0 5 7 6
17 13 4 1 2 3 4 5 7 0 6
17 13 4 1 2 3 4 0 5 7 6
17 13 4 1 2 3 4 5 7 0 6
17 9 8 1 2 0 7 6 3 4 5
17 9 8 1 2 5 0 3 4 7 6
18 4 14 2 0 7 5 3 1 4 6
17 5 12 0 2 7 5 3 1 4 6
18 8 10 6 1 7 5 2 3 4 0
17 9 8 6 1 7 0 2 3 4 5
18 6 12 5 3 0 6 2 1 4 7
18 6 12 0 3 7 6 2 1 4 5
18 6 12 0 3 7 2 5 1 4 6
18 6 12 1 3 7 5 6 2 4 0
18 8 10 1 4 3 5 2 7 0 6
18 8 10 0 7 5 1 2 3 4 6
18 8 10 5 3 4 0 2 7 1 6
18 10 8 1 4 3 5 6 2 7 0
18 4 14 6 3 7 0 2 1 4 5
18 4 14 6 3 7 5 2 1 0 4
17 5 12 6 3 0 5 2 1 7 4
16 6 10 6 0 3 5 2 1 7 4
17 7 10 6 1 3 5 2 0 7 4
17 7 10 0 6 3 5 2 1 7 4
18 6 12 6 3 0 5 2 1 4 7
17 7 10 6 3 4 5 2 1 0 7
18 4 14 2 3 7 0 6 1 4 5
18 4 14 2 3 7 5 6 1 0 4
17 5 12 2 3 0 5 6 1 7 4
16 6 10 2 0 3 5 6 1 7 4
15 7 8 0 2 3 5 6 1 7 4
16 8 8 6 2 3 5 0 1 7 4
16 10 6 1 2 3 5 6 0 7 4
15 11 4 1 2 3 5 0 6 7 4
16 14 2 1 2 3 0 5 6 7 4
