0 0 0 0 3 7 5 2 1 4 6
0 3 12 1 3 7 5 2 0 4 6
0 4 10 1 0 7 5 2 3 4 6
0 5 10 0 1 7 5 2 3 4 6
0 5 10 1 7 0 5 2 3 4 6
0 7 10 5 1 7 0 2 3 4 6
0 8 10 6 1 7 5 2 3 4 0
0 9 8 6 1 7 0 2 3 4 5
0 10 8 6 1 0 7 2 3 4 5
0 11 8 0 1 7 6 2 3 4 5
0 11 8 6 0 1 7 2 3 4 5
0 12 8 1 0 7 6 2 3 4 5
0 12 8 0 6 1 7 2 3 4 5
0 13 8 1 7 0 6 2 3 4 5
0 14 8 7 6 1 0 2 3 4 5
0 14 8 1 7 6 0 2 3 4 5
0 15 8 7 6 0 1 2 3 4 5
0 16 8 0 7 6 1 2 3 4 5
0 17 8 1 7 6 2 0 3 4 5
0 16 8 7 0 6 1 2 3 4 5
0 17 8 7 0 6 1 2 3 4 5
0 20 8 1 0 6 2 7 3 4 5
0 21 8 1 6 0 2 7 3 4 5
0 22 8 1 6 2 0 7 3 4 5
0 25 8 1 6 2 7 0 3 4 5
0 28 8 1 0 2 7 6 3 4 5
0 29 8 1 2 0 7 6 3 4 5
0 30 8 1 2 7 0 6 3 4 5
0 33 8 1 2 7 4 6 3 0 5
0 34 6 1 2 0 4 6 3 7 5
0 33 8 1 2 7 6 0 3 4 5
0 34 8 1 2 7 4 6 0 3 5
0 35 6 1 2 7 4 0 6 3 5
0 37 4 1 2 7 4 5 6 3 0
0 38 4 1 2 7 4 5 6 0 3
0 39 2 1 2 0 4 5 6 7 3
0 40 4 1 2 0 4 5 6 3 7
0 41 1 1 2 3 4 5 6 0 7
