0 0 3 6 0 2 5 4 7 1
2 1 3 6 2 0 5 4 7 1
1 1 3 6 2 1 5 4 7 0
7 1 3 6 2 1 5 4 0 7
4 1 3 6 2 1 5 0 4 7
6 1 3 0 2 1 5 6 4 7
2 1 3 2 0 1 5 6 4 7
1 1 3 2 1 0 5 6 4 7
4 3 3 2 1 4 5 6 0 7
7 1 3 2 1 4 5 6 7 0
3 3 0 2 1 4 5 6 7 3
2 1 2 0 1 4 5 6 7 3
1 1 2 1 0 4 5 6 7 3
7 1 2 1 7 4 5 6 0 3
3 1 2 1 7 4 5 6 3 0
7 3 2 1 0 4 5 6 3 7
3 1 2 1 3 4 5 6 0 7
7 1 2 1 3 4 5 6 7 0
2 3 0 1 3 4 5 6 7 2
1 1 1 0 3 4 5 6 7 2
6 1 1 6 3 4 5 0 7 2
7 1 1 6 3 4 5 7 0 2
2 1 1 6 3 4 5 7 2 0
3 3 1 6 0 4 5 7 2 3
2 1 1 6 2 4 5 7 0 3
7 1 1 6 2 4 5 0 7 3
6 1 1 0 2 4 5 6 7 3
2 1 1 2 0 4 5 6 7 3
7 1 1 2 7 4 5 6 0 3
3 1 1 2 7 4 5 6 3 0
7 3 1 2 0 4 5 6 3 7
3 1 1 2 3 4 5 6 0 7
7 1 1 2 3 4 5 6 7 0
44 2.5162
