0 0 1 4 2 3 6 7 0 5
7 1 1 4 2 3 6 0 7 5
6 1 1 4 2 3 0 6 7 5
5 2 1 4 2 3 5 6 7 0
7 1 1 4 2 3 5 6 0 7
2 1 1 4 0 3 5 6 2 7
4 1 1 0 4 3 5 6 2 7
6 1 1 6 4 3 5 0 2 7
2 1 1 6 4 3 5 2 0 7
7 1 1 6 4 3 5 2 7 0
4 3 1 6 0 3 5 2 7 4
6 1 1 0 6 3 5 2 7 4
2 1 1 2 6 3 5 0 7 4
7 1 1 2 6 3 5 7 0 4
6 1 1 2 0 3 5 7 6 4
3 1 1 2 3 0 5 7 6 4
4 1 1 2 3 4 5 7 6 0
6 1 1 2 3 4 5 7 0 6
7 1 1 2 3 4 5 0 7 6
2 1 1 0 3 4 5 2 7 6
3 1 1 3 0 4 5 2 7 6
7 1 1 3 7 4 5 2 0 6
6 1 1 3 7 4 5 2 6 0
7 3 1 3 0 4 5 2 6 7
3 1 1 0 3 4 5 2 6 7
2 1 1 2 3 4 5 0 6 7
6 1 1 2 3 4 5 6 0 7
7 1 1 2 3 4 5 6 7 0
32 1.5272
