0 0 0 3 7 5 2 1 4 6
1 3 1 3 7 5 2 0 4 6
3 1 1 0 7 5 2 3 4 6
1 1 0 1 7 5 2 3 4 6
6 3 6 1 7 5 2 3 4 0
5 1 6 1 7 0 2 3 4 5
6 2 0 1 7 6 2 3 4 5
1 1 1 0 7 6 2 3 4 5
7 1 1 7 0 6 2 3 4 5
6 1 1 7 6 0 2 3 4 5
2 3 1 7 6 2 0 3 4 5
7 3 1 0 6 2 7 3 4 5
6 1 1 6 0 2 7 3 4 5
2 1 1 6 2 0 7 3 4 5
7 3 1 6 2 7 0 3 4 5
6 3 1 0 2 7 6 3 4 5
2 1 1 2 0 7 6 3 4 5
7 1 1 2 7 0 6 3 4 5
4 3 1 2 7 4 6 3 0 5
3 1 1 2 7 4 6 0 3 5
6 1 1 2 7 4 0 6 3 5
5 2 1 2 7 4 5 6 3 0
7 3 1 2 0 4 5 6 3 7
3 1 1 2 3 4 5 6 0 7
7 1 1 2 3 4 5 6 7 0
42 0.2778
