0 0 11 4 6 0 2 3 9 7 8 1 5 10
7 1 11 4 6 7 2 3 9 0 8 1 5 10
10 1 11 4 6 7 2 3 9 10 8 1 5 0
11 3 0 4 6 7 2 3 9 10 8 1 5 11
2 1 2 4 6 7 0 3 9 10 8 1 5 11
8 1 2 4 6 7 8 3 9 10 0 1 5 11
1 1 2 4 6 7 8 3 9 10 1 0 5 11
3 1 2 4 6 7 8 0 9 10 1 3 5 11
8 1 2 4 6 7 0 8 9 10 1 3 5 11
2 1 0 4 6 7 2 8 9 10 1 3 5 11
1 2 1 4 6 7 2 8 9 10 0 3 5 11
3 1 1 4 6 7 2 8 9 10 3 0 5 11
5 1 1 4 6 7 2 8 9 10 3 5 0 11
9 1 1 4 6 7 2 8 0 10 3 5 9 11
6 1 1 4 0 7 2 8 6 10 3 5 9 11
7 1 1 4 7 0 2 8 6 10 3 5 9 11
10 1 1 4 7 10 2 8 6 0 3 5 9 11
11 1 1 4 7 10 2 8 6 11 3 5 9 0
9 1 1 4 7 10 2 8 6 11 3 5 0 9
6 1 1 4 7 10 2 8 0 11 3 5 6 9
8 1 1 4 7 10 2 0 8 11 3 5 6 9
5 1 1 4 7 10 2 5 8 11 3 0 6 9
6 1 1 4 7 10 2 5 8 11 3 6 0 9
9 1 1 4 7 10 2 5 8 11 3 6 9 0
26 485.3732
